                   0        10.125318273
                   0        15.461027176
         6.173744252        10.477899738
        5.6038064884        26.635705813
                   0        9.9109419968
         3.668454793        6.6328556337
                   0        15.315945321
                   0         13.20964506
                   0        4.7435341123
        5.6815324662        14.109081953
                   0        4.4169531457
                   0        9.2613758565
                   0        9.0778113237
        9.7256086637        35.834180387
         5.422234071        28.582895807
        3.4112138524        6.5248750688
                   0        13.752461117
       0.23086058755        19.650559542
        3.9766631148         7.437541389
                   0        13.213048323
                   0        2.7844589835
                   0        23.656287457
        10.074107515        19.473151935
        6.3524287745        9.4338593682
                   0        13.696107704
                   0        13.524508692
       0.16677990134        14.271766243
                   0        17.602979889
        5.1249794485        8.7572494531
        3.6983310612        8.2424867844
                   0        16.924212127
        5.3045080105        7.7460956251
                   0         11.97924497
                   0        18.045839334
        4.5158839247        20.304298919
        6.5258232993        27.852993993
        6.6997571317        8.2898897487
                   0        13.254869503
        4.0768421512        22.024344079
        4.0206740636        14.222165802
                   0        15.732730412
                   0        8.6707256421
                   0        2.8536476219
                   0        7.6014251372
                   0         6.412539776
                   0         18.15211738
                   0        15.105516585
                   0        10.377680919
      0.068967821977        8.5762736282
                   0        9.3131666814
        2.1377994548         24.21497889
                   0        9.8033722163
        9.8031592139        11.882669659
                   0        14.436309975
         5.239658087        24.543461666
                   0        11.811723123
                   0        3.6363503866
                   0        6.4544019126
                   0        12.513474732
                   0        10.083164378
                   0         11.49453806
        5.0903451237        6.7633106697
                   0        3.9137775364
                   0         18.38008006
        3.7091126209        11.667903409
                   0        17.912352912
       0.64240593972        10.948844683
                   0        18.017765576
        4.1405989219        6.2623555451
        8.5287455171        32.274490921
                   0        10.510364671
        2.3437069106        24.000888382
        3.0956800535         14.45201891
                   0        8.8393180438
         0.594298195        26.385857445
        2.4337098498        7.6292145569
        4.2389012421        11.884493731
        1.2887557959        7.9630364882
        9.0949578138         12.66933042
        3.1832088734        8.8913021389
                   0        4.4559941011
        7.7674292709        13.884547735
                   0        25.138433089
        5.6484120893        8.4789694026
        4.1553439787        21.788811482
       0.97987957481        5.8121782983
        2.5008520498        17.495532392
         2.735840572        11.674534339
        3.3622601365        16.383561493
        5.1065821106        18.756370264
                   0        17.968400445
                   0        15.945332924
        6.2435020095        24.377415115
        5.3882072755        6.7115483536
         5.051988231        21.794721575
                   0        18.048677768
         2.499336691        5.9378251809
        2.0095008925         24.86463281
          4.65623055        10.484049684
        2.3368756023        15.086502661
                   0        11.655904619
                   0          4.85204455
        4.2030172295        9.1709544354
        4.4150290207        26.474214247
                   0        15.533694212
                   0        16.285109419
        8.8876984512        14.514698227
                   0        5.9888151969
                   0        13.194487143
                   0        8.6504103843
                   0        16.472864601
                   0        16.488887651
       0.40845641285        2.4727854754
                   0        11.830271396
                   0         5.803927641
        1.3670360416        4.9293243946
                   0        16.972859699
        7.1279117784        14.970835983
                   0        4.3876143154
        6.0581847171        7.6911035508
                   0        9.3924038263
        5.1255094623         14.84475638
                   0        2.4516664434
        5.0252113396        24.615455778
        6.1865294338        33.044871003
        3.1683973925        33.006696415
       0.12789600934        26.768784855
        4.7074167057        26.647297765
        1.3438171637        11.334875582
        3.9312980593        7.7148096239
        1.9436519921        14.086860977
        5.8128638445        22.331902719
        6.5467975253        15.758262244
        7.3473401087        9.7301314332
                   0        6.2253014393
        3.8655590435        13.864422208
        1.6880939782        7.5978485471
                   0        17.005247723
                   0        15.328284153
        5.9625691007        11.321860755
        7.0862336972        10.029996468
                   0        5.3745973547
                   0        16.891451606
                   0          9.38725471
        2.2268028088        20.985046017
                   0        6.1112192346
                   0        13.968257937
                   0        16.679027967
                   0        11.836064081
        4.6980561372        30.305223435
         1.059327017        11.409750541
                   0        10.691001115
                   0        12.858683372
        1.3913320706        20.378806994
                   0        25.658106704
        7.9803250642        10.962045539
                   0        17.388886026
                   0        9.6863607102
                   0         16.11230244
                   0        23.147714817
                   0        19.733567858
        1.0684602181        9.6379774128
                   0        5.5498143785
                   0        17.334911368
                   0        8.4737414632
                   0        18.113010169
                   0        24.952885614
                   0        14.539500968
                   0        10.295523282
        2.4924258953        12.145328518
                   0        10.128821707
                   0         10.77406988
        2.1061763915        16.840507666
                   0        9.7967691743
        7.1740485391        8.4670430704
                   0        14.705161269
        5.9800334067        11.267968232
                   0        16.869276401
                   0        8.2535586448
                   0        9.1412544361
                   0        10.769632239
        5.0730323334        18.665287776
        8.6993035565        10.492922094
       0.92259489348        12.168852969
                   0        14.174905084
        6.2183166933        13.574689683
      0.065778574633        13.714284216
        6.5846442661        23.201624388
         4.122326519        18.418847969
                   0        15.433637163
                   0        7.9670020735
        3.5484840837        16.195433291
                   0        9.6169433204
        1.6627600234        18.665869193
                   0        16.977783071
                   0        16.369045737
         9.475904565        20.607331564
        4.9998735711         11.25284495
        3.4858196953        32.855161751
                   0        11.313990851
        9.1209162591        12.598537964
         2.643877293        13.262212959
        1.0670592089        18.444734136
        1.4836317498        16.951370284
       0.93896768668        15.131810795
                   0        10.348505997
        5.8394104344        30.185513049
                   0        14.574410551
                   0        15.513906247
                   0        9.3879137326
                   0        14.358068185
       0.92967522755        20.310035676
        3.7648636049        23.661407802
                   0        9.9659719979
        3.5038860915        4.8795968757
       0.64993702606        14.388511459
                   0        5.7930553914
        6.4434078755        11.365864788
                   0        7.2919089544
                   0        20.533967797
                   0        14.738393536
                   0        8.6758076338
      0.043596949324        12.242483097
        3.9336872021        15.348517248
        1.0029846973        13.893898401
                   0        11.964427583
                   0        6.3039797069
                   0         17.52115236
                   0        24.286064604
                   0        16.394236574
         3.867729109        13.876511153
        3.1807231788        10.321447866
                   0         10.50704904
         2.821540949        21.425814679
        2.7587218041        5.7123446705
        6.5306487998        13.982307318
                   0        27.603247092
        5.5542656433        17.413370916
        6.8294140105        25.039373203
                   0        23.919575871
                   0        16.107741257
                   0         17.23285411
                   0        10.732357242
        5.0308835509        6.2945206354
                   0        13.829805672
                   0        5.8966091806
                   0        19.939107079
       0.64250159047        22.805912578
                   0        9.4462281439
                   0        10.764666244
                   0        7.9460994998
                   0        23.221470638
        1.0840479115        7.9489225519
                   0        9.5833509946
        6.0948630323        9.7375675257
        1.2825460347        17.960085572
        1.4217422424        19.482796503
                   0        9.4391134362
         2.105798321        10.345397545
                   0        15.269988674
                   0        8.6959350101
                   0        4.0515104755
       0.99063392607        24.803801076
        3.6318059608        17.054662268
                   0        23.999812408
        5.8948132271        7.4517313678
         4.861213241        22.443879595
        1.2966144015        25.868875869
                   0        7.9892754646
                   0        10.969596809
                   0        8.6943021813
        6.1190055357         11.06127623
                   0        21.990290878
        1.9267652987        12.964398716
        5.0661196522        8.0648608056
                   0        8.8022996207
        5.8188694541         9.201342029
        4.6335993265        12.481762409
                   0        9.1451786465
        5.1700250862        25.317863887
        2.3874208241        20.831887321
       0.43384390753        24.599860181
        3.3255964901        24.291573188
                   0         24.30373626
                   0        3.3927368272
        3.0609781766        19.368297613
                   0        18.061284745
        4.6070666183        15.166470487
        3.2560824078        7.6919264723
                   0        12.119011105
       0.17734419288        11.675268123
        2.9763162971         14.29641171
       0.69268246839        27.484888166
        1.8742995579         8.364735879
                   0        5.6071995121
       0.66783590896          6.11386559
       0.18323442471        16.068818572
                   0        5.9531659907
        3.6178211724         26.70181577
        8.6984098525        12.632330107
        4.5147953428        10.457257002
                   0        12.666875561
                   0         20.76039454
        2.5509463499        5.1203197407
                   0        12.546510106
                   0        9.5992497504
                   0        8.8939389376
                   0        17.486137309
                   0        14.419320332
                   0        15.738833334
        6.6400635216        8.6348139715
                   0        10.200569775
        1.3250427267         6.936232649
                   0        7.4085006607
                   0        15.240645779
        6.4021116745        9.9534734397
        4.0078490134        21.019922066
        1.1778807961        10.344309077
        5.6891649064        10.758241851
        6.1318764322        7.3791939614
       0.19202703989        17.830571283
       0.83383887225         27.18663714
        2.1531792583        27.000101601
        8.4700948957        11.595749908
                   0          27.5006193
                   0        9.3967973332
                   0        6.5974950447
                   0        15.265539037
                   0        8.2661084328
        1.3371475385        30.017099957
                   0         11.76385149
        5.6615393582        12.223332914
        2.2511627838        22.348448886
                   0        10.159156767
                   0        11.994775279
        3.6526177204        11.663341902
        6.5686197254        15.278221741
                   0        22.915679683
        2.6300813042        18.165981201
                   0        11.923312356
        1.2572093904        20.852893886
                   0        20.715482823
                   0        2.6765656567
                   0        11.376383297
        2.2402621662        15.698395348
        2.1503465063         4.181340021
      0.033930630491        7.0369984129
        5.5606632651        6.9451853158
        3.3533299747        7.1580591136
                   0        5.4761738272
        3.2259486357        7.5696997474
        1.2029720362        8.9791777044
                   0        28.565035852
                   0        4.5615912628
                   0        15.074600222
                   0        6.3575364557
                   0        8.0646812671
        5.1440505175         31.16957787
                   0        11.830127672
        1.0837959287        21.468700455
                   0        9.8244892387
        2.7162118738        12.150971784
        2.4476791679        28.033680605
        2.8326866786        23.771318605
                   0        13.222698625
                   0        4.0697093504
                   0        15.023579848
                   0        11.101923006
                   0        20.949631106
                   0          9.57921829
       0.97504505244        17.035598308
                   0         16.49622634
                   0        7.3801025844
                   0        6.5404926337
                   0        23.959405335
         4.005359177        8.6993168001
                   0         24.07262419
        5.3035567514        26.360903759
        2.8164415991        13.903615078
        6.8410584922         36.02591722
        4.0695757077        15.475569201
        2.5372414138        20.602167828
        2.3728943375        6.9289972401
                   0        5.2308339703
         1.930088119        9.8440688871
        4.3025764176        10.918413414
                   0        13.498439146
                   0        4.1778914391
                   0        15.163008485
        1.0496513667        7.1378832606
        1.9637521778        30.560961619
                   0        10.600885069
        5.8672566528         27.73526395
                   0        24.562345141
                   0        9.8108738347
                   0        23.917393319
        6.8842654977        26.279393743
       0.82627063028        28.689067528
        4.3459413623        10.444134484
       0.99389329999        19.080344441
       0.88402607352        25.686295821
        5.9652577895        13.036782028
                   0        19.586088437
                   0        13.509196347
        8.2492253032        10.590735026
       0.65794396681        23.512367003
        1.4307648528        14.256480915
        8.6984099593        20.501755201
                   0        6.7687729804
       0.19524607733        12.505479865
        9.7192641708        24.337969735
         1.458524315        4.9551028333
                   0        6.8525842971
        2.5510838276        8.2648317513
                   0         10.38786789
                   0        4.6945585341
        1.4724939731         26.58383931
        2.7571214475         28.31827501
       0.73435850531        9.3577062881
        3.1530737574         12.32222995
                   0        13.131956676
                   0        8.3947570106
                   0        12.388479776
        6.1685417971        8.5003389847
        5.7353068875        19.633454451
        8.1888314688        9.5316529845
        8.7461257369        10.313745884
        4.7007829924        26.679668843
        1.8139273984        9.6732883809
         2.946994335        27.930891669
        9.4893812023        11.983969357
                   0        8.9043771404
                   0         11.89415701
                   0        8.9658027211
                   0         7.254406084
                   0        11.148412366
                   0        9.5359096304
                   0        12.197038284
        5.9592974189        16.260785565
        3.4796960694        7.1309514281
        4.8505977868        7.7118352879
                   0        13.524501559
        3.4939818494        10.663272645
                   0        23.597905252
        1.5517223697        3.9726433399
        3.9785697761        5.5007423843
        6.6646815456        29.492154883
        6.0342884673        28.488293213
                   0        6.7512623149
                   0         16.72013514
       0.48640470735        16.130353539
        4.0815371324        9.8512629704
        1.5368672701        4.4389294455
                   0        9.8806350453
                   0        7.2096494229
        5.9330984582        8.2305993298
                   0        20.701426481
                   0        13.731068089
        2.8728324757        12.564741888
        3.0033428432        5.2771466654
        6.7775447013        13.441026319
                   0        6.1637213962
       0.88542397554        7.7901288697
        4.2178909921        14.584270187
                   0         20.71373005
                   0        23.171471286
        7.8892588855        9.6522953091
                   0        18.437697348
                   0        7.2725311679
                   0        18.373178849
                   0        19.180283645
        1.4791568793        27.388115329
                   0        9.9814766319
       0.10641033525        10.164546163
        5.7586041479         11.97188257
        3.7309457677        12.810353298
        2.1293283607        31.615092313
        6.3387047196        24.850756748
                   0        5.8418034698
                   0        19.322748157
                   0        6.7077195902
        5.7584425846        9.2488572224
                   0        6.3736573552
      0.024210163691        23.408975653
                   0        7.0432163475
         5.255977475        7.4586025543
                   0        22.144025297
                   0        17.415244367
        2.0855694774        17.014541153
        5.1551698881        8.0532466026
                   0        6.1215497863
                   0        14.018505443
                   0         13.53699689
        6.9358614406        13.470223954
                   0        18.965210998
         8.452051386        9.4721477625
       0.88997380955        17.671872873
        10.473804699        13.695537841
        5.1921112403        10.308563324
       0.19819610669        8.0066535518
