       46.00000          49.00000          50.00000
       30.00000          30.00000          41.00000
       10.37500          14.00000          14.50000
       36.00000          35.00000          36.00000
       44.00000           0.00000          44.00000
       20.00000          19.00000          20.00000
       50.70833          50.70833          51.00000
       37.00000          45.00000          46.00000
       49.00000          54.00000          55.00000
       52.00000          51.00000          52.00000
       46.00000           0.00000          46.00000
       50.00000          49.00000          50.00000
       54.00000          53.00000          54.00000
       53.00000          53.00000          54.00000
       40.00000          39.00000          44.00000
       51.00000          50.00000          51.00000
       51.56944          51.00000          51.82917
       50.00000           0.00000          50.00000
       49.00000          48.00000          49.00000
       41.00000          40.00000          41.00000
        9.00000           8.00000           9.00000
       49.50486          50.00000          51.00000
       45.00000          44.00000          45.00000
       54.00000          53.00000          54.00000
       54.00000          53.00000          54.00000
       56.07431           0.00000          56.07431
       51.00000           0.00000          51.00000
       52.00000          53.00000          54.00000
       51.00000          50.00000          51.00000
        5.00000           0.00000           5.00000
       53.00000          52.00000          54.00000
       53.37500           0.00000          54.00000
       52.00000          55.50000          55.75000
       53.75000          55.50000          55.75000
        6.00000           5.00000           6.00000
       44.00000          47.00000          48.00000
        5.00000           7.00000           8.00000
       41.00000          40.00000          41.00000
       34.00000          34.00000          35.00000
       46.00000          45.00000          46.00000
       42.00000          41.00000          42.00000
       48.00000           0.00000          48.00000
       46.00000          46.00000          47.00000
       52.66667           0.00000          52.66667
       21.00000          21.00000          22.00000
       33.00000           0.00000          41.00000
       42.00000          41.00000          42.00000
       48.00000           0.00000          51.00000
       51.00000          52.00000          53.00000
        5.00000           4.00000           5.00000
       56.31875           0.00000          56.31875
       56.31875           0.00000          56.31875
       56.31875           0.00000          56.31875
        2.91667           3.00000           5.49792
        2.91667           3.00000           5.49792
        2.91667           3.00000           5.49792
        2.00000           6.00000           7.00000
        9.00000           8.00000           9.00000
       45.00000          44.00000          45.00000
        4.00000           7.00000           8.00000
       50.00000           0.00000          50.00000
       43.00000          46.50000          46.75000
       49.00000           0.00000          50.00000
       41.00000           0.00000          41.00000
       43.00000           0.00000          43.00000
       50.00000           0.00000          50.00000
        7.00000           7.00000           8.00000
       53.00000          53.00000          54.00000
       52.00000           0.00000          52.00000
       44.00000          44.00000          45.00000
       54.00000          55.00000          56.00000
       10.00000           0.00000          17.00000
       51.79097          51.50000          51.79097
       52.91667           0.00000          53.77083
       54.00000          53.00000          54.00000
       53.00000           0.00000          53.00000
       56.46319           0.00000          56.46319
       10.00000           9.00000          10.00000
       49.00000          51.70833          52.00000
       53.00000          53.00000          54.00000
       45.00000          51.00000          51.62500
       51.00000          52.64583          52.68750
       51.00000          51.00000          52.00000
        1.00000           4.00000           6.00000
       49.00000          54.00000          55.00000
       50.00000          55.00000          56.00000
       54.00000          54.00000          55.00000
        7.00000           6.00000           7.00000
       50.00000          55.00000          56.00000
       53.16458          55.00000          56.00000
       58.80139           0.00000          58.80139
        2.00000           4.00000           5.00000
        6.00000           7.00000           8.00000
        5.00000           0.00000           5.00000
       56.00000          55.00000          56.00000
       53.00000          55.00000          56.00000
       53.00000          55.00000          56.00000
        6.00000           6.00000           7.00000
       81.81250           0.00000          81.81250
       55.00000          55.00000          61.70833
       54.00000          56.00000          57.00000
       56.00000          55.00000          56.00000
       56.00000          55.00000          56.00000
       51.00000          52.00000          53.00000
       54.00000          53.00000          54.00000
       54.00000          54.00000          55.00000
       53.00000          55.50000          56.00000
       51.00000          52.00000          52.50000
       60.00000          59.70833          60.00000
       60.00000          59.70833          60.00000
       52.00000          51.00000          57.00000
        9.00000           8.00000           9.00000
       15.00000          15.00000          16.00000
       43.00000          42.00000          43.00000
       59.35417           0.00000          59.35417
       21.00000          32.00000          34.00000
       51.00000          54.00000          55.00000
        6.70833           7.00000           8.00000
        4.00000           3.00000           4.00000
       55.00000          56.00000          57.00000
        1.00000           0.00000           6.00000
       54.00000          56.00000          57.00000
        7.00000           0.00000           8.63611
       63.00000          64.00000          65.00000
       53.00000          53.00000          54.00000
       52.00000          53.00000          54.00000
       13.00000          14.00000          16.00000
       49.00000          48.70833          49.00000
       49.00000          49.00000          50.00000
       54.00000          54.00000          55.00000
        4.00000           4.70833           5.00000
       52.00000          54.00000          55.00000
       48.00000          49.00000          50.00000
       46.00000          46.00000          47.00000
       49.00000          50.00000          51.00000
       44.00000          50.00000          51.00000
       44.00000          48.00000          49.00000
       41.00000          48.00000          49.00000
       47.99306          48.00000          49.00000
        6.00000           5.00000           6.00000
       50.00000          49.00000          54.00000
        3.70764           8.00000           9.00000
        3.00000           4.00000           5.00000
        3.00000           5.00000           6.00000
       41.00000          40.00000          41.00000
        6.00000           5.00000           6.00000
        6.00000           5.00000           6.00000
       51.00000          50.00000          51.00000
       52.00000          51.00000          52.00000
       52.00000          51.00000          52.00000
       49.00000          52.00000          53.00000
       49.00000          52.00000          53.00000
        5.00000           4.00000           5.00000
       53.00000          53.00000          54.00000
       53.00000          54.00000          55.00000
        4.00000           8.00000           9.00000
        9.00000           9.00000          10.00000
        3.00000           4.00000           4.50000
       46.00000          46.00000          47.00000
       49.00000          49.00000          50.00000
       12.00000          11.00000          12.00000
        1.00000           6.00000           7.00000
       50.00000           0.00000          55.97917
       54.00000          55.00000          56.00000
        3.00000           6.00000           7.00000
       51.00000          51.00000          52.00000
       38.00000          44.00000          45.00000
       54.00000          53.00000          54.00000
       12.00000          11.00000          12.00000
       49.00000          51.00000          52.00000
       51.00000          51.00000          52.00000
       55.00000          57.00000          58.00000
       57.00000          56.00000          57.00000
       52.87500          58.00000          59.00000
       57.00000          58.00000          59.00000
       61.00000          60.00000          61.00000
       53.00000          53.00000          54.00000
       61.00000          60.00000          61.00000
       59.95833          60.00000          61.00000
        8.00000           7.00000          14.00000
       49.00000          53.00000          54.00000
