   0.00000       45.99931        49.00000     49.99931  0
  14.00000       43.99931        44.00000     54.99931  0
  39.00000       49.37500        53.00000     53.50000  0
   0.00000       35.99931        35.00000     35.99931  0
   0.00000       43.99931         0.00000     43.99931  0
  14.00000       33.99931        33.00000     33.99931  0
   0.00000       50.70833        50.70833     50.99931  0
   0.00000       36.99931        45.00000     45.99931  0
   0.00000       48.99931        54.00000     54.99931  0
   0.00000       51.99931        51.00000     51.99931  0
   0.00000       45.99931         0.00000     45.99931  0
   0.00000       49.99931        49.00000     49.99931  0
   0.00000       53.99931        53.00000     53.99931  0
   0.00000       52.99931        53.00000     53.99931  0
   0.00000       39.99931        39.00000     43.99931  0
   0.00000       50.99931        50.00000     50.99931  0
   0.00000       51.56944        51.00000     51.82917  0
   0.00000       49.99931         0.00000     49.99931  0
   0.00000       48.99931        48.00000     48.99931  0
   0.00000       40.99931        40.00000     40.99931  0
  40.00000       48.99931        48.00000     48.99931  0
   0.00000       49.50486        50.00000     50.99931  0
   0.00000       44.99931        44.00000     44.99931  0
   0.00000       53.99931        53.00000     53.99931  0
   0.00000       53.99931        53.00000     53.99931  0
   0.00000       56.07431         0.00000     56.07431  0
   0.00000       50.99931         0.00000     50.99931  0
   0.00000       51.99931        53.00000     53.99931  0
   0.00000       50.99931        50.00000     50.99931  0
  40.00000       44.99931        40.00000     44.99931  0
   0.00000       52.99931        52.00000     53.99931  0
   0.00000       53.37500         0.00000     53.99931  0
   0.00000       52.00000        55.50000     55.75000  0
   0.00000       53.75000        55.50000     55.75000  0
  28.00000       33.99931        33.00000     33.99931  0
   0.00000       43.99931        47.00000     47.99931  0
  43.00000       47.99931        50.00000     50.99931  0
   0.00000       40.99931        40.00000     40.99931  0
   0.00000       33.99931        34.00000     34.99931  0
   0.00000       45.99931        45.00000     45.99931  0
   0.00000       41.99931        41.00000     41.99931  0
   0.00000       47.99931         0.00000     47.99931  0
   0.00000       45.99931        46.00000     46.99931  0
   0.00000       52.66667         0.00000     52.66667  0
  19.00000       39.99931        40.00000     40.99931  0
   0.00000       32.99931         0.00000     40.99931  0
   0.00000       41.99931        41.00000     41.99931  0
   0.00000       47.99931         0.00000     50.99931  0
   0.00000       50.99931        52.00000     52.99931  0
  46.00000       50.99931        50.00000     50.99931  0
   0.00000       56.31875         0.00000     56.31875  0
   0.00000       56.31875         0.00000     56.31875  0
   0.00000       56.31875         0.00000     56.31875  0
  50.00000       52.91667        53.00000     55.49792  0
  50.00000       52.91667        53.00000     55.49792  0
  50.00000       52.91667        53.00000     55.49792  0
  33.00000       34.99931        39.00000     39.99931  0
  38.00000       46.99931        46.00000     46.99931  0
   0.00000       44.99931        44.00000     44.99931  0
  42.00000       45.99931        49.00000     49.99931  0
   0.00000       49.99931         0.00000     49.99931  0
   0.00000       42.99931        46.50000     46.75000  0
   0.00000       48.99931         0.00000     49.99931  0
   0.00000       40.99931         0.00000     40.99931  0
   0.00000       42.99931         0.00000     42.99931  0
   0.00000       49.99931         0.00000     49.99931  0
  41.00000       47.99931        48.00000     48.99931  0
   0.00000       52.99931        53.00000     53.99931  0
   0.00000       51.99931         0.00000     51.99931  0
   0.00000       43.99931        44.00000     44.99931  0
   0.00000       53.99931        55.00000     55.99931  0
  39.00000       48.99931        39.00000     55.99931  0
   0.00000       51.79097        51.50000     51.79097  0
   0.00000       52.91667         0.00000     53.77083  0
   0.00000       53.99931        53.00000     53.99931  0
   0.00000       52.99931         0.00000     52.99931  0
   0.00000       56.46319         0.00000     56.46319  0
  43.00000       52.99931        52.00000     52.99931  0
   0.00000       48.99931        51.70833     51.99931  0
   0.00000       52.99931        53.00000     53.99931  0
   0.00000       45.00000        51.00000     51.62500  0
   0.00000       51.00000        52.64583     52.68750  0
   0.00000       50.99931        51.00000     51.99931  0
  51.00000       51.99931        55.00000     56.99931  0
   0.00000       48.99931        54.00000     54.99931  0
   0.00000       49.99931        55.00000     55.99931  0
   0.00000       53.99931        54.00000     54.99931  0
  38.00000       44.99931        44.00000     44.99931  0
   0.00000       49.99931        55.00000     55.99931  0
   0.00000       53.16458        55.00000     55.99931  0
   0.00000       58.80139         0.00000     58.80139  0
  40.00000       41.99931        44.00000     44.99931  0
  42.00000       47.99931        49.00000     49.99931  0
  43.00000       47.99931        43.00000     47.99931  0
   0.00000       55.99931        55.00000     55.99931  0
   0.00000       52.99931        55.00000     55.99931  0
   0.00000       52.99931        55.00000     55.99931  0
  50.00000       55.99931        56.00000     56.99931  0
   0.00000       81.81250         0.00000     81.81250  0
   0.00000       54.99931        55.00000     61.70833  0
   0.00000       53.99931        56.00000     56.99931  0
   0.00000       55.99931        55.00000     55.99931  0
   0.00000       55.99931        55.00000     55.99931  0
   0.00000       50.99931        52.00000     52.99931  0
   0.00000       53.99931        53.00000     53.99931  0
   0.00000       53.99931        54.00000     54.99931  0
   0.00000       52.99931        55.50000     55.99931  0
   0.00000       50.99931        52.00000     52.50000  0
   0.00000       59.99931        59.70833     59.99931  0
   0.00000       59.99931        59.70833     59.99931  0
   0.00000       51.99931        51.00000     56.99931  0
  42.00000       50.99931        50.00000     50.99931  0
  42.00000       56.99931        57.00000     57.99931  0
   0.00000       42.99931        42.00000     42.99931  0
   0.00000       59.35417         0.00000     59.35417  0
  23.00000       43.99931        55.00000     56.99931  0
   0.00000       50.99931        54.00000     54.99931  0
  46.00000       52.70833        53.00000     53.99931  0
  47.00000       50.99931        50.00000     50.99931  0
   0.00000       54.99931        56.00000     56.99931  0
  52.00000       52.99931        52.00000     57.99931  0
   0.00000       53.99931        56.00000     56.99931  0
  54.00000       60.99931        54.00000     62.63611  0
   0.00000       62.99931        64.00000     64.99931  0
   0.00000       52.99931        53.00000     53.99931  0
   0.00000       51.99931        53.00000     53.99931  0
  70.00000       82.99931        84.00000     85.99931  0
   0.00000       48.99931        48.70833     48.99931  0
   0.00000       48.99931        49.00000     49.99931  0
   0.00000       53.99931        54.00000     54.99931  0
  49.00000       52.99931        53.70833     53.99931  0
   0.00000       51.99931        54.00000     54.99931  0
   0.00000       47.99931        49.00000     49.99931  0
   0.00000       45.99931        46.00000     46.99931  0
   0.00000       48.99931        50.00000     50.99931  0
   0.00000       43.99931        50.00000     50.99931  0
   0.00000       43.99931        48.00000     48.99931  0
   0.00000       40.99931        48.00000     48.99931  0
   0.00000       47.99306        48.00000     48.99931  0
  45.00000       50.99931        50.00000     50.99931  0
   0.00000       49.99931        49.00000     53.99931  0
  42.00000       45.70764        50.00000     50.99931  0
  42.00000       44.99931        46.00000     46.99931  0
  45.00000       47.99931        50.00000     50.99931  0
   0.00000       40.99931        40.00000     40.99931  0
  43.00000       48.99931        48.00000     48.99931  0
  43.00000       48.99931        48.00000     48.99931  0
   0.00000       50.99931        50.00000     50.99931  0
   0.00000       51.99931        51.00000     51.99931  0
   0.00000       51.99931        51.00000     51.99931  0
   0.00000       48.99931        52.00000     52.99931  0
   0.00000       48.99931        52.00000     52.99931  0
  49.00000       53.99931        53.00000     53.99931  0
   0.00000       52.99931        53.00000     53.99931  0
   0.00000       52.99931        54.00000     54.99931  0
  41.00000       44.99931        49.00000     49.99931  0
  41.00000       49.99931        50.00000     50.99931  0
  40.00000       42.99931        44.00000     44.50000  0
   0.00000       45.99931        46.00000     46.99931  0
   0.00000       48.99931        49.00000     49.99931  0
  41.00000       52.99931        52.00000     52.99931  0
  49.00000       49.99931        55.00000     55.99931  0
   0.00000       49.99931         0.00000     55.97917  0
   0.00000       53.99931        55.00000     55.99931  0
  48.00000       50.99931        54.00000     54.99931  0
   0.00000       50.99931        51.00000     51.99931  0
   0.00000       37.99931        44.00000     44.99931  0
   0.00000       53.99931        53.00000     53.99931  0
  39.00000       50.99931        50.00000     50.99931  0
   0.00000       48.99931        51.00000     51.99931  0
   0.00000       50.99931        51.00000     51.99931  0
   0.00000       54.99931        57.00000     57.99931  0
   0.00000       56.99931        56.00000     56.99931  0
   0.00000       52.87500        58.00000     58.99931  0
   0.00000       56.99931        58.00000     58.99931  0
   0.00000       60.99931        60.00000     60.99931  0
   0.00000       52.99931        53.00000     53.99931  0
   0.00000       60.99931        60.00000     60.99931  0
   0.00000       59.95833        60.00000     60.99931  0
  46.00000       53.99931        53.00000     59.99931  0
   0.00000       48.99931        53.00000     53.99931  0
