    0        5
    3       33
    1       22
    3        4
    5        6
    0        8
    0        4
    0        3
    1       34
    1       34
    0        8
    3        4
    1       21
    8       28
    2       32
    3       38
    4        7
    2       37
    2       38
    7       38
    1       35
    2       31
    1       37
    5        8
    2        9
    1       39
    6       36
    8       36
    1       36
    1       34
    5        8
    2        4
    3        5
    0        5
    1       37
    4       35
    1       42
    1       42
    1        4
    1       39
    2       41
    2       41
    2       41
    6       39
    1       40
    7       42
    4        6
    1       37
    1       39
    7        8
    3       41
    3       41
    1       39
    0       11
    3       39
    0       11
    1       41
    1       37
    5       41
    3       39
    4       31
    2       40
    6       42
    3       43
    2       43
    6       43
    6        7
    2       42
    2       42
    8       39
    1       41
    1       41
    1       42
    2       43
    1        5
    1        5
    1       41
    4       40
    4       40
    2       42
    6       42
    5       43
    7        9
    5       43
    6       43
    1       42
    3       43
    3       43
