  0.00000000     -0.0000027406        0.0000000000
  0.10000000     -0.0000007361        0.0000000000
  0.20000000     -0.0000035068        0.0000000000
  0.30000000     -0.0000118098        0.0000000000
  0.40000000     -0.0000287852        0.0000000000
  0.50000000     -0.0000578574        0.0000000000
  0.60000000     -0.0001027342        0.0000000000
  0.70000000     -0.0001674384        0.0000000000
  0.80000000     -0.0002563513        0.0000000000
  0.90000000     -0.0003742647        0.0000000000
  1.00000000     -0.0005264441        0.0000000000
  1.10000000     -0.0007187025        0.0000000000
  1.20000000     -0.0009574896        0.0000000000
  1.30000000     -0.0012499974        0.0000000000
  1.40000000     -0.0016042899        0.0000000000
  1.50000000     -0.0020294613        0.0000000000
  1.60000000     -0.0025358329        0.0000000000
  1.70000000     -0.0031352019        0.0000000000
  1.80000000     -0.0038411612        0.0000000000
  1.90000000     -0.0046695181        0.0000000000
  2.00000000     -0.0056388571        0.0000000000
  2.10000000     -0.0067713192        0.0000000000
  2.20000000     -0.0080937217        0.0000000000
  2.30000000     -0.0096392558        0.0000000000
  2.40000000     -0.0114502522        0.0000000000
  2.50000000     -0.0135832591        0.0000000000
  2.60000000     -0.0161207516        0.0000000000
  2.70000000     -0.0192353073        0.0018508893
  2.80000000     -0.0231005029        0.0069665015
  2.90000000     -0.0277905813        0.0147281369
  3.00000000     -0.0333346917        0.0245650743
  3.10000000     -0.0397244467        0.0359530718
  3.20000000     -0.0469169421        0.0484128677
  3.30000000     -0.0548368874        0.0615086806
  3.40000000     -0.0633788035        0.0748467108
  3.50000000     -0.0724096124        0.0880736405
  3.60000000     -0.0817717291        0.1008751343
  3.70000000     -0.0912866663        0.1129743405
  3.80000000     -0.1007591162        0.1241303912
  3.90000000     -0.1099814424        0.1341369031
  4.00000000     -0.1187384950        0.1428204785
  4.10000000     -0.1268126492        0.1500392054
  4.20000000     -0.1339889602        0.1556811585
  4.30000000     -0.1400603205        0.1596629001
  4.40000000     -0.1448325044        0.1619279802
  4.50000000     -0.1481289867        0.1624454375
  4.60000000     -0.1497954243        0.1612083002
  4.70000000     -0.1497036973        0.1582320865
  4.80000000     -0.1477554150        0.1535533049
  4.90000000     -0.1438848018        0.1472279557
  5.00000000     -0.1380608929        0.1393300309
  5.10000000     -0.1302889831        0.1299500153
  5.20000000     -0.1206112889        0.1191933870
  5.30000000     -0.1091068013        0.1071791180
  5.40000000     -0.0958903255        0.0940381751
  5.50000000     -0.0811107198        0.0799120205
  5.60000000     -0.0649483678        0.0649511120
  5.70000000     -0.0476119340        0.0493134046
  5.80000000     -0.0293344680        0.0331628503
  5.90000000     -0.0103689431        0.0166678992
  6.00000000      0.0090166771        0.0000000000
  6.10000000      0.0285447334       -0.0166678992
  6.20000000      0.0479334112       -0.0331628503
  6.30000000      0.0669024003       -0.0493134046
  6.40000000      0.0851785479       -0.0649511120
  6.50000000      0.1025013745       -0.0799120205
  6.60000000      0.1186283280       -0.0940381751
  6.70000000      0.1333396538       -0.1071791180
  6.80000000      0.1464427688       -0.1191933870
  6.90000000      0.1577760392       -0.1299500153
  7.00000000      0.1672118728       -0.1393300309
  7.10000000      0.1746590561       -0.1472279557
  7.20000000      0.1800642815       -0.1535533049
  7.30000000      0.1834128306       -0.1582320865
  7.40000000      0.1847283995       -0.1612083002
  7.50000000      0.1840720710       -0.1624454375
  7.60000000      0.1815404615       -0.1619279802
  7.70000000      0.1772630871       -0.1596629001
  7.80000000      0.1713990124       -0.1556811585
  7.90000000      0.1641328636       -0.1500392054
  8.00000000      0.1556702977       -0.1428204785
  8.10000000      0.1462330347       -0.1341369031
  8.20000000      0.1360535646       -0.1241303912
  8.30000000      0.1253696468       -0.1129743405
  8.40000000      0.1144187178       -0.1008751343
  8.50000000      0.1034323213       -0.0880736405
  8.60000000      0.0926306599       -0.0748467108
  8.70000000      0.0822173534       -0.0615086806
  8.80000000      0.0723744585       -0.0484128677
  8.90000000      0.0632577594       -0.0359530718
  9.00000000      0.0549922596       -0.0245650743
  9.10000000      0.0476676575       -0.0147281369
  9.20000000      0.0413332455       -0.0069665015
  9.30000000      0.0359907184       -0.0018508893
  9.40000000      0.0315793954        0.0000000000
  9.50000000      0.0278936407        0.0000000000
  9.60000000      0.0247143588        0.0000000000
  9.70000000      0.0219399471        0.0000000000
  9.80000000      0.0195014987        0.0000000000
  9.90000000      0.0173477516        0.0000000000
 10.00000000      0.0154386721        0.0000000000
 10.10000000      0.0137419993        0.0000000000
 10.20000000      0.0122311480        0.0000000000
 10.30000000      0.0108838350        0.0000000000
 10.40000000      0.0096811312        0.0000000000
 10.50000000      0.0086067816        0.0000000000
 10.60000000      0.0076467025        0.0000000000
 10.70000000      0.0067885999        0.0000000000
 10.80000000      0.0060216752        0.0000000000
 10.90000000      0.0053363930        0.0000000000
 11.00000000      0.0047242954        0.0000000000
 11.10000000      0.0041778524        0.0000000000
 11.20000000      0.0036903388        0.0000000000
 11.30000000      0.0032557322        0.0000000000
 11.40000000      0.0028686282        0.0000000000
 11.50000000      0.0025241681        0.0000000000
 11.60000000      0.0022179782        0.0000000000
 11.70000000      0.0019461167        0.0000000000
 11.80000000      0.0017050289        0.0000000000
 11.90000000      0.0014915072        0.0000000000
 12.00000000      0.0013026567        0.0000000000
 12.10000000      0.0011358649        0.0000000000
 12.20000000      0.0009887739        0.0000000000
 12.30000000      0.0008592574        0.0000000000
 12.40000000      0.0007453979        0.0000000000
 12.50000000      0.0006454685        0.0000000000
 12.60000000      0.0005579144        0.0000000000
 12.70000000      0.0004813378        0.0000000000
 12.80000000      0.0004144831        0.0000000000
 12.90000000      0.0003562239        0.0000000000
 13.00000000      0.0003055512        0.0000000000
 13.10000000      0.0002615624        0.0000000000
 13.20000000      0.0002234513        0.0000000000
 13.30000000      0.0001904992        0.0000000000
 13.40000000      0.0001620663        0.0000000000
 13.50000000      0.0001375841        0.0000000000
 13.60000000      0.0001165486        0.0000000000
 13.70000000      0.0000985136        0.0000000000
 13.80000000      0.0000830852        0.0000000000
 13.90000000      0.0000699161        0.0000000000
 14.00000000      0.0000587009        0.0000000000
 14.10000000      0.0000491716        0.0000000000
 14.20000000      0.0000410937        0.0000000000
 14.30000000      0.0000342622        0.0000000000
 14.40000000      0.0000284986        0.0000000000
 14.50000000      0.0000236477        0.0000000000
 14.60000000      0.0000195749        0.0000000000
 14.70000000      0.0000161640        0.0000000000
 14.80000000      0.0000133144        0.0000000000
 14.90000000      0.0000109398        0.0000000000
 15.00000000      0.0000089660        0.0000000000
 15.10000000      0.0000073297        0.0000000000
 15.20000000      0.0000059766        0.0000000000
 15.30000000      0.0000048607        0.0000000000
 15.40000000      0.0000039429        0.0000000000
 15.50000000      0.0000031899        0.0000000000
 15.60000000      0.0000025738        0.0000000000
 15.70000000      0.0000020712        0.0000000000
 15.80000000      0.0000016623        0.0000000000
 15.90000000      0.0000013304        0.0000000000
 16.00000000      0.0000010619        0.0000000000
 16.10000000      0.0000008452        0.0000000000
 16.20000000      0.0000006709        0.0000000000
 16.30000000      0.0000005310        0.0000000000
 16.40000000      0.0000004191        0.0000000000
 16.50000000      0.0000003299        0.0000000000
 16.60000000      0.0000002589        0.0000000000
 16.70000000      0.0000002026        0.0000000000
 16.80000000      0.0000001580        0.0000000000
 16.90000000      0.0000001229        0.0000000000
 17.00000000      0.0000000954        0.0000000000
 17.10000000      0.0000000737        0.0000000000
 17.20000000      0.0000000569        0.0000000000
 17.30000000      0.0000000437        0.0000000000
 17.40000000      0.0000000335        0.0000000000
 17.50000000      0.0000000256        0.0000000000
 17.60000000      0.0000000195        0.0000000000
 17.70000000      0.0000000148        0.0000000000
 17.80000000      0.0000000112        0.0000000000
 17.90000000      0.0000000084        0.0000000000
 18.00000000      0.0000000063        0.0000000000
 18.10000000      0.0000000048        0.0000000000
 18.20000000      0.0000000036        0.0000000000
 18.30000000      0.0000000026        0.0000000000
 18.40000000      0.0000000020        0.0000000000
 18.50000000      0.0000000014        0.0000000000
 18.60000000      0.0000000011        0.0000000000
 18.70000000      0.0000000008        0.0000000000
 18.80000000      0.0000000006        0.0000000000
 18.90000000      0.0000000004        0.0000000000
 19.00000000      0.0000000003        0.0000000000
 19.10000000      0.0000000002        0.0000000000
 19.20000000      0.0000000002        0.0000000000
 19.30000000      0.0000000001        0.0000000000
 19.40000000      0.0000000001        0.0000000000
 19.50000000      0.0000000000        0.0000000000
 19.60000000      0.0000000000        0.0000000000
 19.70000000      0.0000000000        0.0000000000
 19.80000000      0.0000000000        0.0000000000
 19.90000000      0.0000000000        0.0000000000
 20.00000000      0.0000000000        0.0000000000
