   0.0359952982   0.0696166750   0.1070237787   0.1362899828   0.1510032909   0.1476970909   0.1297902600   0.0978584188   0.0587776814   0.0284367436   0.0109536388
   0.0353224790   0.0773640379   0.1252896631   0.1531984591   0.1511854387   0.1320626163   0.1118954769   0.0866298874   0.0552904432   0.0291575707   0.0141059861
   0.0458472107   0.0930487556   0.1271505680   0.1400186116   0.1438020886   0.1421345519   0.1240911193   0.0860869792   0.0472314582   0.0216972817   0.0073701051
   0.0372993286   0.0774846853   0.1128405960   0.1351886334   0.1493966990   0.1526344901   0.1294382572   0.0844698293   0.0470188457   0.0285197212   0.0188068131
   0.0411990322   0.0704032596   0.1025406412   0.1321609411   0.1508186379   0.1494128758   0.1279743933   0.0933242695   0.0569006894   0.0296402860   0.0130762636
   0.0366914716   0.0704167267   0.1076514403   0.1346634202   0.1492051993   0.1477875239   0.1302025140   0.0978225575   0.0595274713   0.0295794434   0.0110658662
   0.0377913569   0.0713500112   0.1119604605   0.1463498860   0.1617508260   0.1506673735   0.1189887126   0.0824121465   0.0499473726   0.0280614823   0.0137192849
   0.0457356045   0.0711149689   0.0958518292   0.1278002066   0.1534124454   0.1514871658   0.1236614905   0.0854136047   0.0518906583   0.0287639735   0.0182221350
   0.0375053073   0.0751011801   0.1162246069   0.1491776132   0.1640429669   0.1542978232   0.1201741373   0.0809940791   0.0474119054   0.0246004631   0.0115719589
   0.0340224480   0.0678479310   0.1150492276   0.1566584334   0.1656854050   0.1424946297   0.1061207363   0.0776424201   0.0545559017   0.0317348818   0.0158724841
   0.0438309977   0.0674853043   0.0920823872   0.1193823691   0.1507083934   0.1608405384   0.1346983500   0.0896492314   0.0489788012   0.0292847505   0.0198238909
   0.0379024816   0.0655699480   0.0997081731   0.1399175308   0.1610932343   0.1465983030   0.1106901787   0.0804260118   0.0620796637   0.0412834019   0.0202054407
   0.0455908467   0.0896252979   0.1190672133   0.1300593352   0.1358237268   0.1411807081   0.1303847830   0.0935237236   0.0536809295   0.0257948303   0.0108520095
   0.0502414319   0.0759659258   0.1009587022   0.1256422152   0.1462280520   0.1434908799   0.1199627257   0.0851312134   0.0522459480   0.0311350837   0.0170164282
   0.0384946586   0.0737709012   0.1112065815   0.1424018078   0.1585816119   0.1499761477   0.1238631643   0.0831397971   0.0458038962   0.0218954970   0.0104192538
   0.0421400419   0.0735663329   0.1061428454   0.1362839991   0.1547481456   0.1521369464   0.1222255841   0.0804616537   0.0468663761   0.0269511289   0.0181572016
   0.0399955036   0.0768497583   0.1167880879   0.1479281478   0.1531390218   0.1376089028   0.1094439956   0.0808717730   0.0572376219   0.0330661293   0.0150837424
   0.0408394139   0.0854448544   0.1279904679   0.1482717748   0.1486458801   0.1381420110   0.1171927184   0.0850147480   0.0480712094   0.0224783711   0.0115483425
   0.0447733616   0.0838006050   0.1204274103   0.1413374579   0.1431282340   0.1317771193   0.1122167360   0.0849913272   0.0541853226   0.0290814699   0.0153453194
   0.0412888289   0.0774555323   0.1158820747   0.1385181905   0.1436257954   0.1350398723   0.1173893072   0.0922338170   0.0610866164   0.0339546395   0.0155068118
   0.0464815437   0.0826564074   0.1076938163   0.1272605314   0.1463736751   0.1490351828   0.1241586405   0.0862906885   0.0547945644   0.0334408130   0.0155541843
   0.0424290206   0.0759209466   0.1069071209   0.1369513803   0.1538992736   0.1483258635   0.1191431663   0.0810940711   0.0509380420   0.0275606294   0.0143828664
   0.0488541188   0.0781516629   0.1053716074   0.1279419841   0.1434731503   0.1446176010   0.1230417084   0.0895194054   0.0543230439   0.0300678957   0.0166624302
   0.0419322937   0.0707055695   0.1045980641   0.1382223135   0.1610581173   0.1577064385   0.1251778310   0.0820480178   0.0457852413   0.0249984746   0.0148617775
   0.0320910108   0.0643781660   0.1059203881   0.1455769533   0.1666537201   0.1604422260   0.1305823889   0.0870164848   0.0480965038   0.0224232741   0.0104482443
   0.0433031946   0.0841077085   0.1229995704   0.1479622931   0.1488027954   0.1324685529   0.1084146755   0.0809993240   0.0542196051   0.0286511904   0.0139948833
   0.0403933928   0.0682724044   0.1005997343   0.1321252332   0.1499846653   0.1446200255   0.1236629567   0.0954326736   0.0636508265   0.0342812410   0.0131867843
   0.0393145989   0.0786547759   0.1191406813   0.1410363757   0.1460193508   0.1407997904   0.1237635188   0.0907399528   0.0506834132   0.0241966169   0.0111702112
   0.0382330473   0.0689563316   0.1041298704   0.1335214536   0.1492697936   0.1492197588   0.1319074274   0.0970549777   0.0538077549   0.0234304073   0.0114582422
   0.0275740552   0.0505702577   0.0986461021   0.1410357164   0.1543656159   0.1431876670   0.1231205443   0.1048783131   0.0717496474   0.0381060148   0.0160180510
   0.0346137416   0.0646494872   0.0952808598   0.1317003583   0.1617635358   0.1649549053   0.1304318015   0.0842191975   0.0538804602   0.0344760702   0.0195085642
   0.0465172582   0.0776630440   0.1063056466   0.1322099255   0.1534936678   0.1566472833   0.1278981201   0.0836987134   0.0461618350   0.0236154839   0.0121279110
   0.0400414865   0.0779838091   0.1191745031   0.1528093293   0.1668943945   0.1534839719   0.1158777419   0.0749915656   0.0437655481   0.0226517571   0.0093758734
   0.0354542702   0.0574267617   0.0915311424   0.1361607502   0.1704960125   0.1697427805   0.1350760295   0.0902808923   0.0510889073   0.0239463130   0.0106592708
   0.0445888508   0.0755364555   0.1107997919   0.1458581052   0.1629076589   0.1496516346   0.1117193726   0.0745727772   0.0482703383   0.0276014265   0.0133746548
   0.0461619265   0.0741629009   0.0996440045   0.1282304016   0.1540897693   0.1554899591   0.1294717688   0.0893433709   0.0527968885   0.0251816374   0.0080711169
   0.0336860447   0.0620403545   0.1053050653   0.1463971075   0.1609334375   0.1519440204   0.1292175200   0.0972809259   0.0571062867   0.0212944792   0.0060238904
   0.0495298217   0.0817950549   0.1125089559   0.1382688667   0.1503026361   0.1455358005   0.1197226092   0.0843304957   0.0500848740   0.0235496767   0.0102835263
   0.0335337382   0.0734206442   0.1206266160   0.1550399342   0.1612718601   0.1420305460   0.1119211956   0.0814541208   0.0532226422   0.0298773205   0.0131986615
   0.0392715310   0.0721479676   0.1108182650   0.1407647200   0.1506563810   0.1357866573   0.1090686226   0.0833992151   0.0595565115   0.0392267239   0.0200970746
   0.0389000986   0.0702612076   0.1160064647   0.1605786706   0.1747070757   0.1485829243   0.1031624132   0.0667981885   0.0431676022   0.0262202996   0.0141386775
   0.0416774175   0.0743668139   0.1092150683   0.1366621786   0.1467058467   0.1359081731   0.1125306989   0.0870110661   0.0624225514   0.0395740853   0.0197615334
   0.0376519153   0.0713222155   0.1123778883   0.1405896716   0.1503760892   0.1447166016   0.1235063398   0.0916916234   0.0525784683   0.0259988841   0.0138042304
   0.0436972480   0.0750827613   0.1058293823   0.1365968719   0.1550582894   0.1461640062   0.1124345434   0.0762087251   0.0516829925   0.0349150780   0.0205576427
   0.0439119373   0.0743830524   0.1094539619   0.1386526761   0.1556660580   0.1515925593   0.1239950305   0.0853050274   0.0465573931   0.0205601302   0.0091166483
   0.0359312730   0.0668693529   0.1011813885   0.1279216120   0.1444273376   0.1478989988   0.1334980650   0.1034360020   0.0645587750   0.0316184760   0.0102827948
   0.0268665500   0.0589943451   0.1081181500   0.1467702832   0.1602562076   0.1486121535   0.1220115328   0.0881225131   0.0499236078   0.0290660678   0.0232100007
   0.0406027284   0.0690358965   0.1027337404   0.1276809169   0.1406593928   0.1438681191   0.1345315100   0.1044036703   0.0598569190   0.0260905008   0.0108989860
   0.0429983232   0.0711192853   0.1066789810   0.1367958630   0.1515479647   0.1438065835   0.1231077932   0.0927532528   0.0552770526   0.0263582908   0.0107542065
   0.0325235915   0.0751721609   0.1184256128   0.1429065624   0.1474047947   0.1403665123   0.1222519917   0.0882625495   0.0530716580   0.0304001774   0.0185226838
   0.0429937224   0.0798143819   0.1191010178   0.1439798421   0.1439361334   0.1309249495   0.1124192502   0.0879465431   0.0579995747   0.0306028762   0.0149402067
   0.0306537898   0.0696528480   0.1220814420   0.1615970775   0.1682662889   0.1471144332   0.1133213663   0.0792786559   0.0447534211   0.0204444804   0.0122817280
   0.0376641253   0.0622310993   0.0969418664   0.1340943262   0.1558908176   0.1497615249   0.1255084392   0.0949246341   0.0613562815   0.0305206615   0.0119732926
   0.0400431374   0.0763547035   0.1110017173   0.1372465206   0.1503602414   0.1474170088   0.1266174122   0.0921226109   0.0560562689   0.0268591710   0.0098847867
   0.0361267332   0.0697273909   0.1071688326   0.1400535269   0.1503721251   0.1398442687   0.1174935061   0.0927865892   0.0662284052   0.0354615759   0.0154205204
   0.0417596114   0.0683560339   0.1026819824   0.1441267119   0.1668152326   0.1490651244   0.1090324120   0.0746784005   0.0543838854   0.0353674472   0.0180036449
   0.0291330880   0.0576851246   0.0994431305   0.1366594465   0.1541431399   0.1489248717   0.1276644357   0.0952135702   0.0584824049   0.0331962580   0.0195081072
   0.0454972108   0.0760940041   0.1030718587   0.1309766925   0.1550794025   0.1561679553   0.1227574562   0.0796340737   0.0490497092   0.0320016849   0.0183342526
   0.0356793961   0.0669862141   0.1025476673   0.1307007927   0.1511352223   0.1527933507   0.1309541694   0.0958664647   0.0592319137   0.0339227165   0.0143952222
   0.0489020114   0.0793621659   0.1013273381   0.1190782330   0.1364041217   0.1483355143   0.1372102870   0.1008983348   0.0579049536   0.0253071973   0.0088284966
   0.0457772186   0.0751364420   0.0981407172   0.1262219645   0.1549197888   0.1618474618   0.1361719209   0.0905230488   0.0508403204   0.0225479719   0.0074314394
   0.0477953844   0.0710000450   0.1020140449   0.1317584201   0.1444968782   0.1393913324   0.1178345609   0.0896884694   0.0571570484   0.0300015077   0.0156965041
   0.0360800739   0.0760174087   0.1229697524   0.1573172405   0.1619616251   0.1411330358   0.1117001817   0.0807067582   0.0502390156   0.0248532159   0.0112867978
   0.0398605257   0.0769111966   0.1154920279   0.1383364477   0.1398733705   0.1295611901   0.1171571927   0.1004485971   0.0693213589   0.0351333033   0.0121917900
   0.0384542896   0.0708141490   0.1036570263   0.1314975743   0.1471704766   0.1482585799   0.1320776200   0.0985337818   0.0587945160   0.0256383757   0.0093382637
   0.0329964571   0.0673253148   0.1065174048   0.1389499456   0.1525248202   0.1497350428   0.1286179985   0.0952206910   0.0592006103   0.0292943058   0.0133457229
   0.0319928608   0.0602353282   0.0948158548   0.1266749451   0.1522174308   0.1584832113   0.1432002416   0.1082290697   0.0634773463   0.0285425819   0.0090243981
   0.0359742380   0.0677974822   0.1010742049   0.1310628034   0.1498795400   0.1509625266   0.1295470200   0.0950395675   0.0620642379   0.0349125843   0.0168523717
   0.0380286672   0.0705015639   0.1167618167   0.1513067043   0.1564692245   0.1366642755   0.1134543512   0.0911499410   0.0579265694   0.0263364966   0.0090027036
   0.0414272972   0.0666130029   0.0972565714   0.1362386197   0.1676575338   0.1654182238   0.1285210553   0.0828452355   0.0479210075   0.0246482970   0.0110325125
   0.0404657434   0.0722176116   0.1032532367   0.1296039447   0.1417238483   0.1390384272   0.1236652603   0.0980809277   0.0675460933   0.0363549205   0.0179909492
   0.0406412582   0.0807838833   0.1147640933   0.1346371819   0.1430420886   0.1446893560   0.1306958543   0.0963710492   0.0550270054   0.0232991441   0.0090473382
   0.0428533046   0.0737426272   0.1064692967   0.1374149130   0.1560423729   0.1523872769   0.1245656774   0.0842281462   0.0494028932   0.0262089217   0.0127775025
   0.0564628782   0.0818828247   0.0983306217   0.1129064300   0.1358464326   0.1503234816   0.1323049269   0.0874525321   0.0459409432   0.0270632816   0.0179789157
   0.0487612603   0.0822183628   0.1116877604   0.1347751807   0.1476698058   0.1403809241   0.1150629017   0.0828107363   0.0548367489   0.0328098168   0.0138676793
   0.0413342140   0.0718149446   0.0993896618   0.1252755094   0.1445897141   0.1475765226   0.1294969862   0.0961329083   0.0615879977   0.0337929607   0.0170193362
   0.0399156844   0.0791419943   0.1215985009   0.1480412446   0.1523475403   0.1385862081   0.1179754838   0.0884227469   0.0528601614   0.0239827283   0.0081256793
   0.0503448087   0.0919045025   0.1258488928   0.1442242829   0.1462739114   0.1362155516   0.1121215923   0.0815416834   0.0512640673   0.0243993136   0.0093603261
   0.0274193573   0.0612727733   0.1081848587   0.1546662480   0.1717573186   0.1540527907   0.1154328065   0.0792007616   0.0539707622   0.0308580412   0.0136415754
   0.0336036891   0.0610858810   0.1017552477   0.1426083401   0.1657084753   0.1608726811   0.1299871878   0.0898897608   0.0510795747   0.0243423500   0.0109805713
   0.0399588252   0.0642570615   0.0950034954   0.1323383285   0.1609550536   0.1593163143   0.1274028326   0.0872343320   0.0534436372   0.0297663480   0.0153254839
   0.0359437523   0.0625683541   0.0910897570   0.1222052247   0.1535996097   0.1623316649   0.1377726736   0.0953048729   0.0554418159   0.0317229429   0.0169086652
   0.0394708297   0.0750490847   0.1094453276   0.1387597333   0.1530349248   0.1427393704   0.1135947278   0.0831378988   0.0611012652   0.0399541010   0.0197049818
   0.0343182668   0.0766695672   0.1240924599   0.1497687555   0.1486890037   0.1357750101   0.1184849458   0.0903242125   0.0555385324   0.0270467240   0.0106364960
   0.0504251307   0.0847104094   0.1143124683   0.1390792704   0.1509831213   0.1403915709   0.1112963013   0.0798671862   0.0533168691   0.0296228067   0.0127493565
   0.0489337288   0.0839893747   0.1126752300   0.1280714797   0.1374749896   0.1366891552   0.1212976634   0.0927274971   0.0585489849   0.0321381478   0.0141532348
   0.0440851269   0.0737812411   0.0991547954   0.1194065927   0.1379183811   0.1524176519   0.1419771581   0.1035526400   0.0565956078   0.0239339830   0.0109078990
   0.0328101598   0.0637554461   0.0985886078   0.1352970487   0.1580722674   0.1506128853   0.1249097605   0.0939464540   0.0663469832   0.0389217372   0.0149722283
   0.0368242586   0.0767520093   0.1227431887   0.1512563926   0.1519772271   0.1335972362   0.1112554854   0.0841876810   0.0529760521   0.0278550436   0.0131253336
