   -2        3       3
  -18       12      15
  -18        3       4
   10       11      14
    3        4       9
    8       16      16
   12       16      16
   13       16      16
  -18       15      16
  -18       15      16
    8       16      16
   10       11      14
  -11        9      10
  -18        2      10
  -18       12      14
  -18       17      20
   12       15      19
  -18       17      19
  -18       18      20
  -18       13      20
  -18       16      17
  -18       11      13
  -18       18      19
   11       14      19
   11       18      20
  -18       20      21
  -18       12      18
  -18       10      18
  -18       17      18
  -18       15      16
   12       15      20
   12       14      16
   15       17      20
   15       20      20
  -18       18      19
  -18       13      17
  -18       23      24
  -18       23      24
   19       22      23
  -18       20      21
  -18       21      23
  -18       21      23
  -18       21      23
  -18       15      21
  -18       21      22
  -18       17      24
   18       20      24
  -18       18      19
  -18       20      21
    6        7      14
  -18       20      23
  -18       20      23
  -18       20      21
    9       20      20
  -18       18      21
   11       22      22
  -18       22      23
  -18       18      19
  -18       18      23
  -18       18      21
  -18        9      13
  -18       20      22
  -18       18      24
  -18       22      25
  -18       23      25
  -18       19      25
   19       19      25
  -18       22      24
  -18       22      24
  -18       13      21
  -18       22      23
  -18       22      23
  -18       23      24
  -18       23      25
   13       17      18
   13       17      18
  -18       22      23
  -18       18      22
  -18       18      22
  -18       22      24
  -18       18      24
  -18       20      25
   13       15      22
  -18       20      25
  -18       19      25
  -18       23      24
  -18       22      25
  -18       22      25
