        8.1905407875        18.699023367
       0.47634651747        23.482894618
        2.8056172994        7.1097727858
        3.4974064823        24.529305807
                   0        7.8851843323
        2.8360915311        5.8004923718
        2.0277364256        24.450467286
        3.3706123229        21.293128659
        2.0585858215        9.3159563917
        3.7466662897        12.174215776
        2.3787374681        13.526923927
        0.5181081229        23.426493913
        7.7702595547        17.965702759
         2.739601793        28.848173517
        1.6566457156        24.817307451
        1.8210272827         4.934688499
                   0        11.793394052
                   0        8.6467789057
        1.3207436224        4.7816218966
                   0        13.169739295
        5.1230270775         10.84841935
                   0        18.982247019
       0.91958883589        10.318633256
        9.6099164812        12.691347075
        4.6111426788        21.512000418
                   0        13.136017876
                   0        8.5794320665
                   0        5.2105737137
        11.346093676        14.978363681
       0.65286915294        5.1970248761
                   0        11.292216073
        4.4741883997        6.9157760143
                   0        13.159520712
        1.5010656431        30.520253928
                   0        7.7037963471
                   0        6.1599266958
        4.1012155504        5.6913481674
                   0        17.035662444
                   0        10.776765812
                   0        7.3993461573
                   0        22.318151155
                   0         13.12698975
        9.7297747215        13.917115023
                   0        10.852981492
                   0        10.952496213
                   0        17.942673386
       0.91135149783        22.293565624
        3.0820340164         20.40418369
        7.6956166104        16.202922417
                   0        11.309363095
        5.2924435783        27.369623013
                   0        16.225821337
         3.528450726        5.6079611713
                   0        8.9453726029
        4.2251715666        23.528975146
                   0        14.635172736
       0.49427149247         22.15946714
        3.8056461989        20.720486812
                   0        17.496937795
        2.7489279542        17.774508791
                   0        7.4703005529
        6.8476031035        8.5205686494
                   0        15.887538497
                   0        13.568709953
        6.1406387328        14.099429521
                   0        12.122795329
                   0        6.4056780052
                   0        21.510713067
        2.4081826209        4.5299392442
                   0        6.6125387342
        2.8742508568        20.551184633
                   0        6.7820691244
                   0        6.2078644935
        4.8790060088        18.061691144
                   0        14.519050023
        5.5059052563        10.701409963
        2.4015225152        10.047115004
        3.2028159989        9.8770966913
        2.9152613828        6.4896339894
        7.4198919791        13.127985245
                   0        5.8587228059
       0.25284576133        6.3699642249
        3.8399694506        31.548566576
        6.7900109529        9.6205682662
        1.8077557269         19.44122323
        2.5645859862        7.3968847097
                   0         7.521495768
        5.5260344192        14.464728186
        4.0190712596        17.040372616
                   0         6.109631679
        6.8746653432        34.797462867
                   0        17.589571297
                   0        12.262656015
        10.129821862         11.45316294
                   0        8.2474688856
                   0        17.715770776
        5.1372446828        8.5757331728
        5.0684827031        27.923614621
        2.0043982347         7.832217369
        3.1516300789        15.901257137
                   0        8.6555529681
        4.4572918625        18.556064541
       0.71823530359        5.6861725095
                   0        17.788824141
                   0        15.583349007
        4.1005821916        29.641325338
                   0        5.5948706361
                   0        17.207544819
                   0        9.7071303132
       0.61038994152        10.333275992
                   0        14.447084574
                   0        18.344303606
        4.3250866531        6.3894157157
                   0        5.3080851495
                   0          6.64262585
        1.2058313405        4.7681196935
                   0        16.869762581
        4.7630035862         12.60592779
                   0        5.9098206541
        3.8292467665        5.4621656003
                   0        10.246713694
       0.46018785025        10.179434768
       0.65794576339        11.732668478
        5.2850091244        24.875253563
                   0        24.283514823
                   0        12.035021793
                   0         14.72892812
        6.1146352164        28.054516276
                   0        6.6897907263
        2.7273331683        6.5108447329
                   0        7.4139207176
                   0        6.9724488053
        6.5135098138        15.724974533
        9.4363426695        11.819133994
                   0        26.448629127
                   0          9.77027532
        1.0403169352        6.9500715041
        10.074884022        35.391777523
                   0        8.8123501471
        2.4700475485        7.8293392031
        5.9326676229         8.876430394
        6.2229479491        21.962727312
                   0        14.922657938
        3.0925700079        21.502150178
                   0        8.2608535589
                   0        8.4179988874
                   0        18.139587983
         2.716278322        22.136579374
                   0        12.450192227
                   0        8.7967682438
        3.4859795058        13.836403029
       0.30740950811        17.585685703
                   0        16.073490515
                   0        7.8454921753
                   0        9.0994847726
        6.2089044446        9.1906249194
       0.05803585491        23.295921694
                   0        8.8672884422
        5.1884114239        24.493831365
                   0        14.549676312
                   0        18.163849409
                   0        6.3654311543
                   0         17.35031764
                   0        23.213161814
        1.0172686426        12.460624663
                   0        19.799064851
                   0        12.906029351
        6.3861334635        33.852384373
                   0        16.720328803
                   0        5.6203669988
                   0        10.605873537
                   0        11.512984726
        2.3836074488        17.117938723
        0.2099857222        27.153582546
        7.7084448446        9.0014393759
        6.5555193837        23.231769353
                   0         4.251333619
                   0        19.898411022
        5.3802763924        34.806045302
                   0         15.35436322
                   0        16.537350218
                   0        9.6053722586
        6.9339176844        8.7275362217
                   0        6.7862625963
                   0        18.320112017
      0.093352793836        7.4497257831
        4.8212402241        18.469745866
                   0        9.0836651401
                   0        12.530614944
       0.25974365039        23.892190958
        8.5141800502        29.235638182
                   0        7.4627256897
                   0          13.2439678
                   0        11.183232544
        6.8887813297        30.982097378
        4.5229427469        30.373037238
                   0        9.2931127628
          3.02675214        9.2797235188
                   0        11.444807871
                   0         6.384363793
        3.1885804409        6.6662021462
                   0        8.8556066438
                   0        8.1675847276
                   0        8.3100297581
                   0        6.4803228541
        2.2817164677        13.271151248
                   0        7.5142793738
                   0        10.550395311
        3.4641701449        20.448645852
                   0        16.794427509
                   0        10.477000194
        2.6417251674        22.022085616
       0.47781194341        20.374356141
                   0        15.781882119
        2.9651023997        4.3408131839
                   0        11.670174237
                   0        24.710977423
        1.2550553433        6.1775122557
                   0        23.581545636
         4.167986735        28.907131631
        10.041561988        33.473673697
        3.7124476715        15.669294877
                   0         5.292876953
        6.3658710744        17.780701121
                   0        9.5292816817
                   0        15.032440431
       0.25036574608        14.245455896
                   0         19.40362992
                   0        12.676531059
                   0        18.676815899
                   0        8.1815573698
        6.1734690173        13.314193704
                   0        17.176035277
        1.8310428224        20.435316552
         5.083577301        8.0372001675
       0.39824143701        7.8498999555
                   0        12.630277508
                   0        11.489907894
          2.68250026        20.892459452
                   0        12.903022449
                   0        8.5652877099
                   0        19.753136833
        2.4079431972        14.243424532
        3.2012842077        4.4649212922
                   0        15.450219714
        5.1677009651        32.074940303
                   0        23.379465545
                   0        19.815099592
                   0        12.361337315
        1.5031500623        25.270752571
        3.1153826579        11.386903725
                   0          22.9107803
        2.7601569652        9.6250316057
                   0        10.873222459
        5.6712372552        9.3139417486
                   0        15.392913061
                   0        14.590130327
                   0        7.3852661043
      0.056579009793        8.2961782342
                   0        12.761299918
        3.4604721314         13.29812897
        3.5044780773        10.417792918
                   0         21.73843213
                   0        10.728697793
        3.6991542464        29.368247616
        5.9529052227        7.5098233634
        1.3849914758         18.96765783
                   0        24.245944159
                   0        13.712074756
         4.007825151        21.510115067
        2.0814270221        11.889479172
        9.9587872952        14.901057989
                   0        22.652407422
        3.3557059131        14.393339331
        7.0775959892        10.076337143
        6.9053360079        23.773600079
        7.0227670371        10.405239612
        6.2423843852        14.090547467
        4.1859374934        20.805073044
                   0        9.5322365614
                   0        17.289128861
                   0        23.735662433
                   0        10.928149137
                   0          7.16033235
        1.9759190836         9.008275482
                   0        13.520927396
                   0        23.108468187
                   0          4.99715832
         4.205851569        8.6416956334
                   0        19.076833235
                   0        9.0621113823
                   0        9.9593833187
         1.118593741        27.910799439
       0.81227251243        7.3027088336
                   0        12.303028315
        9.2186293135        14.664658995
                   0        10.345797656
        5.4991637875        33.712304453
                   0        21.749509461
        3.2096517295         7.143571984
        11.357616088        17.300077747
                   0        7.4844193035
                   0        17.821679526
        4.2121131438        6.7814865346
                   0        14.485451888
                   0        11.414981017
                   0        17.747271643
                   0        3.6824783338
                   0        6.0125973176
                   0        13.107238208
        3.7668115805        5.7615620304
                   0        12.694386041
        3.5006666064        9.1118565287
        4.8066483449        14.867233851
         1.216864022        20.248541311
        2.5127417523        6.0641035175
        2.8741430567         19.88621611
        2.2083515626        11.374779843
         5.259985798        10.329062743
        5.4547002627         6.702017792
                   0        7.8728420773
                   0        11.830783218
                   0        19.395653611
        2.2658862258         5.391541238
       0.66494597919        29.999760649
                   0        6.2500143803
        2.0317730081        14.135317388
        0.7003317229        19.442543703
                   0        5.8055971818
                   0        15.430765284
        1.5567342217        13.571886462
         2.043437246        8.6052308015
        2.8357258685        22.933011971
                   0        12.061822013
                   0        14.995311028
        1.1103833475        9.1211075288
       0.28119936739        8.9908013827
                   0         7.592125116
                   0        13.092605276
                   0        15.483852769
        8.8222321294        28.417916625
                   0        16.014887833
        6.9008238343         14.32849813
                   0        17.872461067
                   0        11.801246943
        8.7204620838        10.751455599
                   0        5.9269597272
        4.6402526798        6.0247747304
        3.8265021387        7.6312312776
                   0        8.3065357535
        2.5415105855        6.8852616973
        3.2304287762        11.006634444
                   0         11.12913655
        5.7547610529        27.643343159
                   0        3.7865620359
                   0        12.122473479
                   0        16.380549741
                   0        14.501398733
       0.40163568742           13.754763
                   0        18.766925134
                   0        26.321125094
                   0        7.6148409169
        4.7497503769        30.335751814
                   0        10.055577718
        2.0911579374        30.139668569
                   0        7.1584827498
                   0        12.163895962
                   0        8.5027467585
                   0        13.343601474
                   0        12.377575358
                   0        14.084873952
                   0        8.7665065194
        2.6819627472        12.427657785
                   0        10.761186957
                   0         6.388599074
      0.012581741704        4.7065393648
                   0        17.489844568
                   0         6.690906159
        4.1014030078        15.188576486
                   0        3.0296522596
        2.1945261388        13.600519632
        6.5476385274        24.612564942
        5.6689095638        10.225012466
        6.4284160113         18.83126163
        6.5260014793        14.439982247
         1.073421515        7.6892585113
                   0        11.548678886
        8.1439583763        12.457564606
         2.521788662        22.819658326
                   0        5.8155106035
                   0        10.430888271
                   0        8.8610796916
                   0        18.983422548
                   0        16.810094929
        3.5869478939        20.741070821
                   0        22.514529661
         1.496780333        20.891908578
                   0        24.901888502
        5.6152190558        11.713412178
                   0        8.4872368732
        9.5808181765        34.383087924
       0.96937292086        8.0408971593
                   0        6.6082224524
                   0        15.298507819
        3.4284311928        5.7699409157
        5.3207285662        28.175151603
                   0        11.008729094
                   0        10.827598632
        2.2290039187        10.617679747
                   0        6.9613009118
                   0        10.676431935
        1.6380077771        5.1345862954
                   0        5.2640581358
                   0        3.3294290536
        3.0446627043        17.452648775
                   0        5.7476754599
                   0        21.178361039
        1.6591258192        27.220279381
        2.3410767002        10.964424483
        4.7664103819        13.935566574
                   0        12.489091499
                   0        4.1061828065
                   0        19.709866315
        5.0682807947        7.4000779824
        7.6015803498        21.499727913
        5.3521962668        6.6950177824
        3.8454466569        5.4130668042
       0.45948218719        22.438368037
        4.3349699062        12.194330889
                   0        15.061700794
        7.8695618834        10.364150038
                   0        6.0742589884
                   0         12.70061559
                   0        7.6778067266
                   0        9.6996759553
                   0        13.074803072
                   0        7.1502805574
        3.3157849212        32.157011781
        4.8771812245         15.17866937
        6.5269263133        10.178181672
        5.5893645389          8.45060204
                   0        15.456110031
        1.3929517695        8.5622425651
                   0        7.2847324104
        2.4902276814        4.9111486516
        2.8862112191        4.4083838272
                   0        18.036171973
        4.4976328853        26.951637631
                   0        17.536948849
                   0        13.351126828
                   0        11.405383923
        1.2934527283        7.0631785663
         5.896845022        8.7989071973
                   0        11.209481192
        2.2853252827        23.451442997
         8.339063716        10.636564588
       0.96486695508        25.183807193
                   0        8.5101865481
        2.0474726973         11.73938211
        2.9186822533        5.1924860755
        5.6092696714        12.272751289
                   0        11.743156428
       0.82927977164        7.7339846658
         4.579030538        14.945409733
                   0        26.386491965
                   0        11.772663006
        2.3973130705        4.1603494941
                   0        18.459305277
                   0        5.0741905795
                   0        9.7244990758
                   0        18.182410023
                   0        4.9161842128
                   0         5.248211775
                   0        5.9559334027
        4.2914964412        10.504774863
                   0        8.3275044109
        2.5333909152        32.019154867
                   0        4.8056282917
        1.5560040291        7.6565285326
                   0        11.273709487
       0.36535058008        7.4988043613
        7.5183552657        11.008769904
        2.3420953522        25.545559793
                   0        6.9653072719
                   0        15.040357084
        11.374526065        13.577151145
        5.0031729069         28.06963913
                   0        8.8441307632
                   0        8.3297537592
        8.5267191154         11.42479583
        3.3261593691        20.103163114
                   0        12.176243583
        2.5304362273         23.43343666
        3.2701019857         9.804464499
        8.5263423476        29.256135359
        2.8374676611        3.8575640377
                   0        13.939758355
        5.3108959761        8.5326291183
       0.90277399256         6.019226076
        5.1932183242        13.001675769
