0.6042043
0.5082019
0.5174513
0.5948452
0.5282917
0.505303
0.5233822
0.5415718
0.5647371
0.5235218
0.5213941
0.5451345
0.5342038
0.5605697
0.5080809
0.5154052
0.5721486
0.5271165
0.5377115
0.5007052
0.4819379
0.5140616
0.5176319
0.5328997
0.5181155
0.5544206
0.5787929
0.5446052
0.5499539
0.5309713
0.5373635
0.5400529
0.5379728
0.5360215
0.5378164
0.5338902
0.5538177
0.5926086
0.5544465
0.5128314
0.5494332
0.5552263
0.5068345
0.5712877
0.5161129
0.5337866
0.5432222
0.5089698
0.6190908
0.5695485
0.5209944
0.562989
0.5673289
0.5388042
0.5299138
0.5084364
0.5522131
0.5193034
0.4809417
0.4730205
0.5834437
0.4980276
0.5270193
0.5558679
0.5646063
0.5183638
0.5537829
0.4794128
0.5546594
0.5794779
0.4919223
0.4985882
0.5400213
0.5425034
0.519925
0.4845569
0.5181507
0.4957837
0.5410418
0.5386092
0.5611406
0.5286156
0.5379547
0.5114913
0.5277475
0.5310075
0.5575427
0.5603585
0.4905795
0.5022744
0.5014411
0.5476733
0.5427776
0.5350204
0.562012
0.5203165
0.5178011
0.5257293
0.5168843
0.479155
0.5255625
0.5002136
0.5286487
0.4963068
0.510584
0.5413132
0.5882357
0.5516345
0.5029738
0.5335661
0.4888854
0.51185
0.4746405
0.4944553
0.5812916
0.5634493
0.4517234
0.4740869
0.5304152
0.5254593
0.5119264
0.5134567
0.5590986
0.5457592
0.5979124
0.5564614
0.5412032
0.5855576
0.5655563
0.5150184
0.5110152
0.5106525
0.5182889
0.4837599
0.4984771
0.5587684
0.4957307
0.5743513
0.537736
0.5162905
0.5396664
0.5357514
0.536076
0.5840816
0.4998562
0.5432131
0.5279542
0.5149764
0.4792424
0.572508
0.4687205
0.5296059
0.5638779
0.5130591
0.5906666
0.5432708
0.4938607
0.5871509
0.4831878
0.4708786
0.518227
0.5477096
0.5412659
0.4868967
0.4909099
0.5476622
0.5594966
0.5197655
0.5506773
0.5161125
0.5372637
0.5051393
0.5503418
0.533998
0.5235545
0.5009336
0.5599855
0.5025835
0.5052533
0.5384696
0.5361733
0.5540139
0.5346321
0.4934758
0.5333712
0.447346
0.5353099
0.5733462
0.5138068
0.5198976
0.5412524
0.5188361
0.5038244
0.5964602
0.5652633
0.5504047
0.5292746
0.5226676
0.5620432
0.4622635
0.5062677
0.5345717
0.4986178
0.5482715
0.5053597
0.5448529
0.5346444
0.4808899
0.5514982
0.5191475
0.5526934
0.502416
0.531401
0.4830032
0.5533072
0.53774
0.4908401
0.5390517
0.571143
0.5254003
0.5349618
0.5238017
0.5014743
0.527894
0.5379248
0.4874025
0.5702118
0.5660352
0.5200516
0.5093951
0.5399712
0.4749814
0.5356219
0.5550149
0.4997921
0.5157451
0.4826427
0.5113263
0.5193352
0.5180051
0.5711784
0.4740634
0.5828254
0.5220453
0.5168098
0.5019224
0.5503841
0.5251288
0.5171475
0.5139299
0.5713722
0.5265439
0.5537393
0.4888292
0.5124388
0.5409004
0.5396587
0.557476
0.4915382
0.4879259
0.5616133
0.5799364
0.5565946
0.5183474
0.5369866
0.5873546
0.5113711
0.5059556
0.4898165
0.5275689
0.5402568
0.5447245
0.507864
0.5884516
0.5608063
0.5148904
0.5941735
0.5880514
0.532362
0.5176534
0.5534774
0.5953034
0.5552313
0.4915687
0.5216446
0.5560351
0.5005876
0.5463033
0.567203
0.5091576
0.5446613
0.5197881
0.4998129
0.4839821
0.5859202
0.4891354
0.5456526
0.5560438
0.5286576
0.5246643
0.5085522
0.5748367
0.4985923
0.4945544
0.5080134
0.5815419
0.4957787
0.5372208
0.5300189
0.5801209
0.542082
0.5545886
0.6036068
0.5741005
0.5783858
0.4857209
0.5656643
0.4930876
0.5207693
0.5434274
0.5306808
0.532778
0.533947
0.5362258
0.5132996
0.5217978
0.5186389
0.4749734
0.5549449
0.4703424
0.5717731
0.5272112
0.5025922
0.5515617
0.5558186
0.4988105
0.5247361
0.5112822
0.4978911
0.5864293
0.4702175
0.5860438
0.5443306
0.5178627
0.5027209
0.585682
0.5312154
0.5619666
0.547149
0.4786898
0.5400906
0.5650598
0.5059329
0.5141174
0.5835971
0.5607475
0.5358698
0.5191041
0.4891904
0.4566852
0.5726894
0.5649058
0.5454489
0.5405982
0.5334389
0.533236
0.5170903
0.5258647
0.5233675
0.5143613
0.5532678
0.5337425
0.5360442
0.5197675
0.5397854
0.4849823
0.4871519
0.5531326
0.5117206
0.5523416
0.506084
0.526601
0.4449597
0.5276967
0.5725145
0.5519011
0.5396737
0.5651968
0.5368945
0.4953592
0.5341454
0.570871
0.5110395
0.5008323
0.5303113
0.5453119
0.5105289
0.4969846
0.4700942
0.5071208
0.5116574
0.5455915
0.5156639
0.5186079
0.5434202
0.4735095
0.5766354
0.5240777
0.5813873
0.5647652
0.5568882
0.5800896
0.5244045
0.5444168
0.541541
0.506219
0.477144
0.516138
0.5823475
0.5358903
0.5657413
0.5126789
0.5514147
0.5147891
0.5656274
0.580542
0.5605625
0.4831334
0.4882237
0.554072
0.5701498
0.5520603
0.5027733
0.5922976
0.5510047
0.5095357
0.576624
0.5179568
0.544724
0.5527399
0.5002831
0.4896429
0.5396551
0.5434063
0.5342965
0.5391032
0.5498919
0.5419976
0.6287165
0.5001862
0.5085161
0.5005129
0.4397135
0.5169929
0.5368828
0.4567796
0.4969001
0.5373883
0.5681125
0.4996821
0.5794815
0.5540891
0.5603439
0.5580589
0.5128392
0.5454875
0.5396677
0.4841056
0.5243025
0.5061426
0.5300008
0.5345521
0.5745564
0.5207677
0.5022928
0.4944249
0.5228601
0.5475115
0.5252977
0.5161734
0.5199673
0.5078789
0.5177931
0.5297703
0.5447932
0.5350357
0.5241754
0.5263516
0.5794299
0.4715184
0.4587164
0.5190355
0.515077
0.4957058
0.5521244
0.5687531
0.4819452
0.5665471
0.5350696
0.5379249
0.4760511
0.5464722
0.5375436
0.5521667
0.5228709
0.5357268
0.4956131
0.5626039
0.5234983
0.4890614
0.5300006
0.5248804
0.4860883
0.5359627
0.5229054
0.5889343
0.5864426
0.5000064
0.5117481
0.5421422
0.5192952
0.506908
0.5883215
0.5938457
0.508001
0.5994111
0.5309457
0.4992179
0.4849292
0.5657912
0.5340043
0.5553765
0.4952779
0.4765619
0.5013413
0.592932
0.5914617
0.4852472
0.5229168
0.5059262
0.5072453
0.5233462
0.5340806
0.5068168
0.526443
0.5485019
0.5478683
0.5288476
0.5706306
0.526983
0.4993212
0.5727258
0.5233801
0.5412503
0.5409503
0.5277953
0.4779626
0.5102422
0.5909046
0.5354081
0.474251
0.5778666
0.5208255
0.5179693
0.5096018
0.5784671
0.5075306
0.56399
0.5479067
0.5843251
0.5195
0.5737061
0.5508959
0.5559025
0.5345062
0.4618033
0.5309603
0.5616324
0.5390673
0.5296031
0.5362253
0.5054978
0.5278277
0.485097
0.5441602
0.534207
0.5261284
0.5688002
0.5045315
0.5524407
0.5394111
0.4838155
0.5352824
0.5223261
0.5088545
0.500407
0.5200562
0.4635094
0.4982405
0.5668851
0.5221346
0.5783563
0.5577637
0.5161928
0.4969881
0.5308405
0.5555996
0.5166899
0.5299314
0.5765664
0.5141964
0.5449641
0.5429692
0.5205689
0.5328399
0.5206979
0.5376488
0.5637091
0.5546489
0.5398059
0.5625875
0.5544912
0.5248061
0.5334708
0.5176101
0.5283943
0.530449
0.5266612
0.5294385
0.5406574
0.5711141
0.5469275
0.5458366
0.5885143
0.5448384
0.4788714
0.5268648
0.5169098
0.5390145
0.5485607
0.5503849
0.5120622
0.5159011
0.5091942
0.5147961
0.5035054
0.4760083
0.4968307
0.5633236
0.5493364
0.4878609
0.5788839
0.4737855
0.529518
0.5271448
0.5728198
0.5294471
0.507455
0.5082659
0.532843
0.5307794
0.5415893
0.584335
0.5315194
0.4836402
0.5254392
0.5195035
0.5601372
0.5105306
0.5548795
0.5411552
0.600779
0.5365735
0.4900075
0.5460624
0.5180429
0.4802817
0.5218298
0.5338455
0.6116195
0.4636125
0.5731115
0.548091
0.6156282
0.5387051
0.5246469
0.5250291
0.5482278
0.516373
0.5503269
0.5798345
0.5173071
0.5002896
0.4946563
0.5491263
0.5751399
0.5116652
0.5115496
0.5033545
0.5629022
0.5570723
0.5652577
0.561804
0.5008237
0.4798953
0.5240949
0.5120909
0.5354247
0.5591598
0.4936731
0.5477659
0.5579907
0.5768641
0.4310934
0.487413
0.4640036
0.5532145
0.5095197
0.4896597
0.5458135
0.5549089
0.4996218
0.5719604
0.5055671
0.4931081
0.5859426
0.5583013
0.5307927
0.4808147
0.5698365
0.570315
0.519205
0.5156515
0.5470051
0.5271469
0.5159817
0.5726192
0.6008524
0.5463647
0.5120587
0.5177875
0.5452602
0.5513726
0.5363226
0.5491786
0.5560614
0.545691
0.5590445
0.4654916
0.5784462
0.5237909
0.4770214
0.5007145
0.565055
0.4935472
0.4979962
0.5262628
0.5329935
0.4955098
0.5008111
0.5888214
0.5629574
0.5033462
0.5695531
0.4963391
0.5503048
0.5066941
0.5654967
0.521944
0.5184434
0.4963405
0.4982618
0.5253678
0.4811687
0.5353282
0.5657315
0.5487899
0.5074843
0.5247946
0.5191943
0.5451985
0.4828134
0.4991795
0.5127937
0.5016183
0.5142921
0.5325888
0.5744575
0.5313895
0.5374649
0.5663224
0.5018049
0.5761747
0.493761
0.5236763
0.5647904
0.5185059
0.5395671
0.5479854
0.5441569
0.5355002
0.5762551
0.5151077
0.5336112
0.524274
0.5157189
0.4425253
0.5342775
0.5546776
0.4708122
0.5200396
0.5536911
0.5272167
0.5484091
0.4983521
0.5104008
0.473031
0.5277818
0.5265401
0.5473466
0.5447367
0.5443155
0.4967384
0.5726175
0.5789737
0.5590016
0.5335504
0.571275
0.5249209
0.5660963
0.4604668
0.5595246
0.5885636
0.5264672
0.5318883
0.5190264
0.5226822
0.4961734
0.5355236
0.5611604
0.5041839
0.5496502
0.4895304
0.536282
0.5172566
0.5705612
0.5904621
0.5081727
0.5039747
0.5441164
0.5308189
0.4869104
0.5127618
0.5252073
0.5345835
0.5021958
0.5711213
0.5714195
0.5578081
0.519711
0.4817007
0.4998859
0.5373453
0.5465381
0.5175248
0.561381
0.5483071
0.5451862
0.5229783
0.5401756
0.5475123
0.5403357
0.550853
0.4946564
0.5036596
0.5092149
0.5194561
0.5453699
0.5666046
0.4643434
0.5345223
0.5559567
0.4353021
0.5844585
0.5565698
0.5298877
0.5594098
0.5121974
0.5509304
0.524614
0.53433
0.5877434
0.5219818
0.4918915
0.6084205
0.5323182
0.5180574
0.5423816
0.473886
0.5030869
0.5295572
0.5429523
0.4957464
0.5357747
0.5235784
0.5248017
0.5005467
0.5081502
0.5359757
0.4743544
0.5107361
0.5616223
0.5061498
0.5219388
0.5198275
0.5661107
0.5252627
0.4644214
0.5059001
0.5570028
0.4955751
0.5049589
0.546446
0.5972491
0.5554012
0.5271813
0.4892415
0.5299295
0.4962154
0.4889668
0.5466655
0.5177715
0.5460956
0.4843696
0.549953
0.4841647
0.4878401
0.5811515
0.5185328
0.5536013
0.5331097
0.5402632
0.5505559
0.4978847
0.5183691
0.4869038
0.5348059
0.576247
0.5394576
0.5061039
0.5516604
0.5307398
0.5355434
0.5445089
0.5467933
0.4722363
0.5762203
0.590805
0.5297659
0.5162491
0.502985
0.4925205
0.5645453
0.537355
0.5250563
0.5555795
0.5553989
0.5402493
0.5608624
0.5543346
0.551349
0.5540843
0.5513662
0.5325736
0.5003334
0.5404925
0.5208868
0.5450645
0.5147805
0.5528281
0.5024267
0.5021721
0.5180153
0.5310151
0.5323197
0.5390016
0.55851
0.5010904
0.4977529
0.5235903
0.5605249
0.5355364
0.4775612
0.5290857
0.5523878
0.5218489
0.4947701
0.5085829
0.5796028
0.5511622
