0.5425214
0.4608547
0.4673548
0.532172
0.4711707
0.470809
0.4764488
0.4795175
0.4999421
0.4840906
0.4697087
0.5028108
0.4908846
0.5055764
0.4510257
0.4819784
0.5264748
0.4599954
0.4886547
0.4505317
0.4439817
0.4647254
0.4717971
0.4715269
0.4660901
0.4921787
0.5221844
0.4918129
0.4981452
0.4804817
0.4792012
0.48707
0.4865655
0.4847127
0.4872787
0.477405
0.4941058
0.5322639
0.4949656
0.4582644
0.5073559
0.5057727
0.4626333
0.5019969
0.4742933
0.4823426
0.4808269
0.4543207
0.5530972
0.5096343
0.4615072
0.5063391
0.5261304
0.4825001
0.4841275
0.457692
0.4949073
0.4563301
0.4431984
0.4185094
0.5319866
0.4498879
0.4652536
0.4948323
0.5024736
0.4624714
0.4964794
0.4488895
0.4965905
0.5250977
0.4583283
0.444427
0.4987907
0.4779755
0.4527153
0.4272486
0.467547
0.4430958
0.4857666
0.4916253
0.5092911
0.4638184
0.4774316
0.4630028
0.4720713
0.469489
0.501214
0.5041924
0.4452375
0.4626387
0.4623851
0.495261
0.481649
0.4816212
0.5096166
0.4585349
0.4693482
0.4798227
0.4724267
0.4363276
0.4766755
0.4527477
0.4913457
0.4437116
0.4671494
0.48892
0.5293028
0.4905328
0.4618978
0.4809374
0.4461992
0.4678924
0.4176598
0.4495622
0.5174285
0.5216867
0.4123206
0.4329322
0.4751127
0.4686729
0.4635336
0.4511281
0.4914475
0.4843513
0.5319545
0.5098286
0.4768717
0.5264837
0.5110037
0.4579745
0.4638376
0.474621
0.4687502
0.4523386
0.4482877
0.5023734
0.4524092
0.5181128
0.4794031
0.4662016
0.4913339
0.4821176
0.4840559
0.5279936
0.4414426
0.4816191
0.4633968
0.4519103
0.4440328
0.5067653
0.4234868
0.482606
0.4992212
0.4653594
0.5294535
0.4901465
0.4535745
0.5342505
0.4388711
0.4276066
0.4650425
0.4891749
0.4869987
0.4602082
0.4458467
0.4876219
0.4979787
0.4805823
0.485002
0.4780558
0.4948635
0.4536952
0.5103028
0.4729593
0.4761466
0.4418023
0.4960182
0.4661949
0.4566278
0.4821628
0.4820916
0.4970611
0.478426
0.4575705
0.4877994
0.4108833
0.477908
0.5150906
0.4720051
0.4488437
0.4780938
0.4657506
0.4438125
0.5349614
0.4964373
0.4898084
0.4730543
0.4870563
0.5040198
0.4353344
0.4512553
0.4793408
0.4362996
0.4983102
0.4641728
0.5014915
0.4843921
0.4552429
0.5076089
0.4597658
0.4919771
0.4426166
0.4763499
0.4342473
0.5051064
0.4964111
0.4496475
0.4888703
0.5163223
0.4771033
0.4734677
0.4619741
0.444279
0.4687424
0.4744213
0.4292636
0.5158912
0.5022499
0.4699599
0.4889703
0.4831142
0.4292754
0.4887184
0.4900395
0.4486476
0.4539061
0.4445194
0.4681029
0.4712645
0.4756244
0.5032691
0.4358299
0.5210095
0.460407
0.4645404
0.4522586
0.5062656
0.4793343
0.4821775
0.4566452
0.50339
0.4890389
0.4874088
0.4402347
0.4662255
0.496263
0.4963965
0.4967755
0.4442572
0.4410651
0.5094943
0.5200233
0.509027
0.4634035
0.4788816
0.5245407
0.4598516
0.4664451
0.4491587
0.4750286
0.4738044
0.5147445
0.4593169
0.5289436
0.5067306
0.4748193
0.5290667
0.5219989
0.4790637
0.4746864
0.4907736
0.5338929
0.502321
0.443486
0.4804063
0.4950443
0.4384231
0.4983834
0.5177541
0.4659436
0.4889344
0.4629512
0.4443949
0.4433133
0.5370667
0.4419629
0.483893
0.504786
0.4726146
0.4717219
0.4567343
0.5226141
0.4450276
0.4526069
0.4769219
0.5360538
0.4489821
0.4980995
0.4796637
0.5400926
0.4877845
0.4958834
0.5442864
0.5142433
0.5142034
0.4326435
0.5070643
0.4401092
0.4658002
0.4944053
0.4846646
0.4834401
0.486011
0.4965512
0.4590671
0.4826004
0.4632285
0.4308589
0.4976757
0.4426513
0.5176678
0.4768235
0.4629735
0.5038131
0.5016946
0.4464814
0.4703785
0.4664079
0.4507294
0.5306553
0.4294054
0.5249955
0.488639
0.468895
0.4531644
0.5294456
0.4739017
0.5051425
0.4893082
0.4539194
0.4818104
0.5075476
0.4565789
0.4651711
0.5203072
0.5057753
0.4786568
0.4669441
0.4450441
0.4351213
0.5142994
0.5057362
0.4779243
0.5047919
0.4859902
0.4809577
0.4666007
0.469912
0.4715028
0.4572979
0.4970479
0.4773802
0.485032
0.4716554
0.4808815
0.4541507
0.445764
0.4756291
0.467971
0.4959796
0.4463964
0.4723955
0.4043657
0.4725207
0.5092597
0.4831074
0.484818
0.5182473
0.497881
0.4605511
0.4923519
0.5130795
0.4726485
0.4412423
0.4717041
0.4921682
0.4513472
0.4420949
0.427509
0.4681707
0.4798626
0.4894621
0.4658292
0.4676134
0.4929972
0.4301058
0.5152067
0.4615709
0.5124097
0.5099997
0.4941525
0.5208128
0.4684242
0.4849355
0.4899946
0.4524032
0.4391859
0.4682757
0.5262679
0.4803366
0.502953
0.4658119
0.4971021
0.4557487
0.5090465
0.5178518
0.5297591
0.4516618
0.4440352
0.5030052
0.5072938
0.4984438
0.4510855
0.5418053
0.488511
0.4655494
0.5119586
0.4712287
0.5018506
0.5041149
0.4506747
0.4422771
0.4906248
0.5010395
0.4761176
0.4739618
0.4932057
0.4855873
0.5678687
0.4532008
0.4693398
0.4570958
0.4201666
0.4610382
0.4825839
0.413129
0.4518849
0.4835624
0.5240023
0.4467131
0.5189508
0.5146969
0.5034893
0.4993529
0.4596431
0.4864758
0.4825999
0.4308519
0.4838436
0.4587575
0.4800189
0.4828133
0.5151319
0.4647724
0.4574421
0.4543159
0.4703607
0.4921434
0.4879305
0.458145
0.4708501
0.4639728
0.4671161
0.4730161
0.4806694
0.4922259
0.4659657
0.4735466
0.5263285
0.4326913
0.4288533
0.4633943
0.4671612
0.4370514
0.4943036
0.5166367
0.4345846
0.5144716
0.4886868
0.4807084
0.4411535
0.4909814
0.477889
0.4956111
0.4613479
0.4882795
0.454171
0.5056036
0.4782338
0.4464812
0.4776467
0.4667942
0.4340807
0.4846619
0.4628936
0.5203953
0.5305584
0.4507683
0.4696224
0.4885341
0.477819
0.4412615
0.5251886
0.5319325
0.4619593
0.5398217
0.4834005
0.4489819
0.424367
0.5152412
0.4636852
0.489243
0.4506283
0.4324129
0.4529347
0.536511
0.5261892
0.4424122
0.4732209
0.4538107
0.464221
0.4649806
0.481751
0.460725
0.4850809
0.4862596
0.4936658
0.4777138
0.5076838
0.4618549
0.44739
0.5171008
0.4668517
0.486703
0.5057976
0.4833552
0.4302873
0.4521257
0.5280344
0.480874
0.4395249
0.5333989
0.4714373
0.476551
0.4458861
0.5187976
0.4580786
0.5059366
0.5021465
0.5257981
0.4641179
0.5176275
0.5027794
0.4960744
0.4773121
0.4228255
0.4812626
0.5037937
0.4875929
0.4775392
0.4774568
0.4680297
0.4766829
0.4406457
0.486064
0.4764294
0.4747017
0.5029634
0.4499301
0.4955802
0.4818607
0.4349065
0.4896021
0.4724179
0.4525307
0.4581076
0.4599703
0.4368196
0.4440579
0.4999608
0.4665895
0.5141591
0.5005946
0.4611746
0.4642441
0.4914794
0.5014195
0.465394
0.4760513
0.5124735
0.461981
0.4797471
0.4880127
0.4733424
0.476633
0.4656848
0.482838
0.5011358
0.4945043
0.4801631
0.506309
0.4946138
0.4726891
0.4748215
0.4716459
0.4709195
0.4824464
0.4945483
0.4785184
0.4821586
0.5065828
0.4887535
0.4900372
0.5522621
0.4938291
0.4350752
0.4956545
0.4590284
0.4858047
0.4972962
0.4970071
0.4670693
0.4635676
0.4515731
0.4656329
0.4659857
0.4307999
0.4549953
0.516217
0.4866229
0.4298561
0.5205597
0.4289798
0.4749619
0.4864613
0.5146322
0.46651
0.4751673
0.4543992
0.4762612
0.484925
0.4755608
0.532797
0.4865743
0.4387492
0.4781366
0.4597147
0.4936039
0.4612714
0.4911732
0.5013248
0.5392835
0.4928268
0.4392578
0.5028029
0.4655793
0.4410348
0.4736389
0.4725821
0.5507673
0.4203731
0.513549
0.4960649
0.5407046
0.4728745
0.4709121
0.4798557
0.5009485
0.4614326
0.4827966
0.5210841
0.4635278
0.4533847
0.4465787
0.4848708
0.5125187
0.4605587
0.4558665
0.4604318
0.5032912
0.4996606
0.5038817
0.4926557
0.4530131
0.4488143
0.4642433
0.4600054
0.4833263
0.5014728
0.4477432
0.4956056
0.5066636
0.5174822
0.3897606
0.4434486
0.4215915
0.5109241
0.458996
0.4451659
0.4872559
0.5004518
0.4391503
0.511946
0.4483455
0.4506273
0.5246457
0.489889
0.4824803
0.427276
0.5167163
0.5194001
0.4663902
0.4610074
0.487234
0.470685
0.472023
0.5177135
0.5303887
0.4875032
0.4593339
0.4625598
0.5006818
0.4928851
0.4803273
0.4917445
0.4911299
0.4853657
0.4952667
0.4237565
0.5143322
0.4709774
0.4358215
0.4420531
0.4973552
0.4425305
0.4492399
0.4707152
0.4821082
0.4464203
0.4516301
0.5371414
0.4981178
0.4644313
0.5177268
0.4626438
0.488284
0.4460554
0.5108853
0.4901281
0.479685
0.4604178
0.4526601
0.4897045
0.4260172
0.4869088
0.5000424
0.4887549
0.4490636
0.4801393
0.4703805
0.4887064
0.4358914
0.4555695
0.4695085
0.4615419
0.4599933
0.4743932
0.5164291
0.4841614
0.4769677
0.5062758
0.4472491
0.5131424
0.4531518
0.4764044
0.5083168
0.4635843
0.48241
0.4941175
0.4863211
0.481377
0.5207944
0.4591907
0.4957903
0.4675792
0.4783836
0.39718
0.4809078
0.4996979
0.4280795
0.4610622
0.4953637
0.4751852
0.473078
0.4433893
0.4564212
0.4237022
0.4960782
0.461239
0.4973277
0.4912827
0.5018105
0.4348051
0.5144899
0.5108082
0.5122364
0.4829573
0.5143728
0.4867454
0.5102572
0.4188025
0.4998771
0.5249658
0.4802633
0.4676443
0.4800291
0.4666679
0.4571211
0.4809722
0.5063494
0.461591
0.4844221
0.4425114
0.4858141
0.4629143
0.5148312
0.5336629
0.4528862
0.4616192
0.4972515
0.487348
0.452046
0.4648932
0.4727069
0.4713416
0.4655942
0.5137002
0.497491
0.5052893
0.4650612
0.4308292
0.4536509
0.4879801
0.497268
0.4649857
0.5117713
0.4955868
0.4800598
0.4755798
0.479465
0.4954958
0.4862752
0.4960086
0.4375719
0.4532772
0.461627
0.4781344
0.4837558
0.5103383
0.4185227
0.4977854
0.5034133
0.3961465
0.5149503
0.5093087
0.4666301
0.5177448
0.4651992
0.5109501
0.4664847
0.4899572
0.5241986
0.4719834
0.4469696
0.5552426
0.477064
0.4787069
0.488936
0.4320617
0.4587929
0.4747579
0.4855101
0.4482452
0.4841974
0.4687273
0.4833684
0.4445467
0.45195
0.474196
0.4209216
0.4638309
0.4996318
0.4544203
0.457223
0.4800914
0.5124259
0.4677673
0.4274514
0.462766
0.50762
0.4555145
0.4555635
0.5038982
0.5355622
0.5007989
0.4679447
0.4363493
0.4707205
0.4471905
0.4448767
0.4873666
0.4746398
0.5166439
0.4474234
0.488035
0.4372323
0.4327145
0.5316594
0.4601235
0.4976347
0.4767087
0.4909187
0.4915748
0.4453406
0.4671348
0.4525731
0.4789855
0.5117149
0.4887
0.4567918
0.488064
0.4730846
0.4921935
0.4907117
0.486981
0.4174046
0.5116515
0.5224548
0.4726152
0.4532088
0.4510741
0.4480291
0.5082829
0.4934158
0.4728996
0.4931689
0.5072868
0.4820635
0.5107652
0.505858
0.5053669
0.5089941
0.4919984
0.4881249
0.4597767
0.4950636
0.4699377
0.4843671
0.4627817
0.4965114
0.4518874
0.4386903
0.4777417
0.4808366
0.4748095
0.4777822
0.4994396
0.4579945
0.4695911
0.4866358
0.4976779
0.4803019
0.4333948
0.4818672
0.4999441
0.4669298
0.4569398
0.4555831
0.5284405
0.4945163
