0.6232037
0.4797602
0.5017964
0.557572
0.5261066
0.5131719
0.4847413
0.4939594
0.5457347
0.5435936
0.4711892
0.5491311
0.5037867
0.5352253
0.4497203
0.5211866
0.5325226
0.4907275
0.537299
0.4802039
0.4620626
0.5106169
0.5358786
0.4928498
0.5103617
0.5070137
0.5549419
0.5526211
0.5303941
0.5068566
0.5036444
0.5183124
0.5328336
0.5493468
0.4750277
0.4923794
0.5439478
0.5696959
0.5119944
0.5162531
0.5509802
0.5689374
0.533476
0.5478448
0.5280792
0.5065409
0.5083153
0.4968536
0.5810579
0.5337257
0.4844415
0.5359308
0.5697381
0.508241
0.5113883
0.4862457
0.5217362
0.4660415
0.4946913
0.4624889
0.5748707
0.4980292
0.4869579
0.5413927
0.5200885
0.4967428
0.5295686
0.4561797
0.5434136
0.5908739
0.4750236
0.4641411
0.5259727
0.5375588
0.4986546
0.4299809
0.478623
0.4872223
0.4807666
0.5068875
0.5166771
0.4784694
0.5140665
0.5087953
0.5558215
0.5110176
0.5349296
0.5131774
0.4320576
0.4897868
0.5075794
0.5434108
0.5345609
0.5453647
0.5411964
0.4810947
0.5142319
0.498397
0.4894515
0.4513342
0.5380599
0.4974147
0.5693025
0.4363143
0.5027787
0.5172487
0.5564198
0.5279378
0.4734921
0.5154397
0.498966
0.5262043
0.4649514
0.4982609
0.5374773
0.5404786
0.425146
0.4688848
0.5257647
0.4934294
0.4847741
0.4896243
0.5145779
0.5137986
0.565426
0.5449174
0.5021821
0.5292914
0.5673904
0.5027063
0.509066
0.4822638
0.4840824
0.4835063
0.4911129
0.5789922
0.5064985
0.5477187
0.492603
0.5160958
0.5242998
0.5150582
0.5102908
0.5749601
0.4910934
0.5193871
0.4911261
0.5099352
0.4741472
0.5268001
0.458984
0.5063127
0.5167804
0.5006872
0.5934301
0.5269798
0.4954299
0.5515773
0.4921197
0.4580225
0.4449927
0.5294179
0.5238157
0.4774323
0.4920366
0.5067183
0.5049675
0.4887983
0.5160815
0.4830048
0.5895024
0.494135
0.5346557
0.5343515
0.5330213
0.4956929
0.5248472
0.4987979
0.4742621
0.511649
0.5184198
0.5479022
0.5058055
0.4355422
0.4988266
0.4500657
0.5178132
0.5596756
0.4933352
0.4572185
0.5263276
0.4982925
0.4697732
0.5635958
0.5580827
0.5381392
0.5103302
0.5134764
0.5274911
0.4414005
0.502981
0.4982437
0.4547956
0.5377022
0.5074692
0.5459322
0.5158185
0.4821408
0.5435629
0.5153285
0.5519841
0.4964134
0.524975
0.4564058
0.5281358
0.5211386
0.5115693
0.5548414
0.5479298
0.4825241
0.5096475
0.4781536
0.4912784
0.5436013
0.480256
0.4469996
0.518605
0.559549
0.5262505
0.4989761
0.4822934
0.4495765
0.5302282
0.4904429
0.4680396
0.4880816
0.4824554
0.5109734
0.5201678
0.5197814
0.5460679
0.4731808
0.5769707
0.4997104
0.5368007
0.5179706
0.5184071
0.5047456
0.4954566
0.5083668
0.5193122
0.5236315
0.5269528
0.4811665
0.4858781
0.534888
0.5388506
0.5950476
0.4777448
0.4954457
0.5278008
0.5352419
0.569146
0.5144959
0.5350057
0.5406788
0.52124
0.5023097
0.5103895
0.5102478
0.5244625
0.5340102
0.4922443
0.5850973
0.55673
0.5066922
0.5834718
0.5899758
0.4926854
0.5042599
0.5481089
0.5577174
0.5235704
0.46723
0.5050049
0.550606
0.456723
0.5561691
0.5613211
0.5060174
0.5530104
0.4691706
0.500617
0.4907454
0.5790106
0.4855201
0.5341895
0.5076995
0.5207914
0.5378771
0.504954
0.5730757
0.4901698
0.479802
0.5023636
0.5989778
0.508054
0.5182045
0.5102313
0.5976487
0.5319227
0.5194
0.6106372
0.5671313
0.5469997
0.4557949
0.5526851
0.4560459
0.51308
0.5699632
0.5409724
0.5385354
0.5179145
0.539565
0.4961438
0.5208274
0.4854744
0.4440069
0.5341707
0.4523114
0.5741438
0.5226491
0.5008371
0.5374535
0.535067
0.4423397
0.5066325
0.5012283
0.5022224
0.5856597
0.4582682
0.5649252
0.508234
0.5190531
0.5162857
0.5510365
0.4982105
0.5354308
0.4972099
0.470032
0.5371411
0.5376912
0.4868326
0.4921415
0.5525982
0.5345216
0.5125674
0.5385797
0.4979335
0.4342112
0.5683575
0.6054874
0.519291
0.5622885
0.5000876
0.505883
0.4809078
0.5074349
0.5385279
0.503472
0.5597135
0.5272033
0.522369
0.5355618
0.4971884
0.4710219
0.5092406
0.4818494
0.4862552
0.5514474
0.4740281
0.4937001
0.4612264
0.5114564
0.5290257
0.4830445
0.5044932
0.5484015
0.5699776
0.4783489
0.5402618
0.5401407
0.4657389
0.4560401
0.5144146
0.5229917
0.4845477
0.5033614
0.4438446
0.5224982
0.5089018
0.502751
0.4835291
0.5018107
0.5259944
0.4293005
0.5455425
0.4741298
0.5391779
0.5748777
0.5333401
0.521127
0.5050007
0.5031459
0.5322545
0.488565
0.4253633
0.478149
0.5495147
0.52854
0.5998217
0.4724984
0.5334685
0.4729042
0.5368519
0.5576843
0.5423458
0.4976202
0.4650938
0.5454676
0.5438225
0.5443074
0.471103
0.5770834
0.4981036
0.5247683
0.5410869
0.5616855
0.5295513
0.5485744
0.4838801
0.479002
0.5097846
0.5349011
0.4922201
0.5123021
0.578543
0.5215047
0.6319663
0.5051835
0.4967454
0.4809918
0.4505426
0.5244557
0.5039345
0.4444182
0.4933431
0.511699
0.5787501
0.5188246
0.5287581
0.5396453
0.5144821
0.5278368
0.534256
0.5040453
0.4990433
0.4691614
0.4895575
0.4749889
0.4845426
0.52957
0.5368619
0.4554867
0.4921279
0.4625857
0.4906922
0.5266413
0.5113185
0.4636195
0.5077696
0.4687749
0.5298394
0.5330979
0.4858303
0.5282649
0.514009
0.4747493
0.5560499
0.4676069
0.4687144
0.4919448
0.5114923
0.4744234
0.5282464
0.5710182
0.4902405
0.5140657
0.5272596
0.5148945
0.4855561
0.5072238
0.5331375
0.5731823
0.5032667
0.5803237
0.4701108
0.5361012
0.5259274
0.4819409
0.472301
0.4990361
0.4701626
0.5181632
0.5119049
0.549672
0.5560702
0.5001704
0.5178611
0.5490908
0.5099517
0.4653499
0.5413446
0.5332137
0.4967656
0.6084583
0.4994431
0.498422
0.4638583
0.5650302
0.4800586
0.5237877
0.4958926
0.4588924
0.4971757
0.5820596
0.5893147
0.5141314
0.4920071
0.4837712
0.5221146
0.4874207
0.5085169
0.496196
0.5382023
0.4819048
0.5540146
0.5290054
0.5476486
0.4734808
0.4899401
0.5179319
0.4850062
0.5590719
0.5379735
0.5192677
0.4990461
0.4818039
0.5905419
0.5193834
0.4931598
0.559969
0.5081077
0.503584
0.4409401
0.5467466
0.4976607
0.5117032
0.5300561
0.5387777
0.49619
0.5648765
0.558143
0.5288778
0.499486
0.4589945
0.4952802
0.5294054
0.5293414
0.516286
0.5128767
0.4727918
0.4943388
0.4762326
0.5279606
0.5260787
0.5409636
0.5393961
0.4942855
0.5374082
0.5086357
0.4835915
0.5310053
0.5010303
0.4887778
0.5053052
0.4763843
0.4371199
0.48707
0.5382514
0.5476233
0.5538712
0.5614169
0.4739062
0.4640888
0.4945168
0.5173342
0.4930048
0.5213304
0.5475337
0.5010534
0.5151817
0.5292298
0.5070962
0.5118766
0.4848624
0.4955853
0.483959
0.5299522
0.5364375
0.5614613
0.5277427
0.5321902
0.5281815
0.5017373
0.5277313
0.5342662
0.5296663
0.4913909
0.5189023
0.5065709
0.5401367
0.5190044
0.6146373
0.5323728
0.4794994
0.5309867
0.4938427
0.5267859
0.5123811
0.5045021
0.4836949
0.5190112
0.4749044
0.5387741
0.4985435
0.4549655
0.5015377
0.5568635
0.530543
0.4600693
0.5903027
0.4785868
0.5307086
0.56295
0.5665487
0.4993935
0.5133665
0.4730473
0.5512476
0.5199884
0.5379969
0.5576138
0.517298
0.5082049
0.529439
0.5163992
0.5150939
0.4846913
0.4802554
0.5268064
0.5955872
0.5223907
0.4326114
0.5537041
0.5458941
0.4412178
0.5270624
0.5344272
0.5730187
0.4606985
0.5913926
0.4951225
0.5498196
0.5288437
0.498185
0.5152843
0.5905161
0.4730363
0.5298578
0.5613584
0.5235958
0.4716511
0.4786478
0.5121464
0.5570964
0.511704
0.4821451
0.5001354
0.5201662
0.5039242
0.547002
0.5228877
0.5025412
0.4700032
0.5142824
0.5042277
0.5350366
0.5168608
0.4669929
0.4655044
0.5396137
0.5832764
0.3713475
0.4565805
0.4803959
0.5417031
0.4773754
0.4807112
0.5425723
0.5366009
0.4547621
0.5744041
0.4863599
0.4774186
0.5694181
0.5314675
0.4944201
0.451218
0.5709947
0.5768282
0.5240649
0.5281191
0.5265607
0.5033212
0.5162538
0.5473846
0.5585217
0.5232356
0.4775408
0.5037364
0.5030206
0.5525947
0.5130135
0.5477217
0.5074004
0.4955947
0.5442467
0.4416745
0.5410393
0.5219999
0.4748186
0.4492288
0.5126557
0.4975242
0.4523878
0.5185307
0.5018441
0.4986945
0.4981216
0.5604889
0.5015079
0.5061684
0.5663501
0.4867766
0.5313805
0.4928904
0.5719114
0.5394533
0.494915
0.4611255
0.4467584
0.5324535
0.4624477
0.5303359
0.5387055
0.4980812
0.4784189
0.5230535
0.484257
0.5136797
0.4537588
0.4902669
0.5297295
0.5223614
0.4904542
0.5007995
0.5377052
0.5097571
0.5210474
0.5528297
0.4868191
0.5566553
0.4650691
0.5168193
0.5473133
0.5037738
0.5390264
0.5038603
0.4861468
0.5100078
0.5468203
0.4980588
0.4915977
0.4988685
0.5222911
0.4231598
0.5030766
0.5350896
0.4495774
0.5105285
0.5179171
0.5135057
0.4974141
0.4848564
0.4988859
0.4192094
0.5168919
0.5262779
0.5459189
0.5335465
0.5477861
0.4564323
0.5733549
0.5213151
0.5596922
0.5524371
0.582066
0.5031471
0.5795052
0.4273681
0.5653653
0.5793764
0.5210193
0.5322137
0.5086094
0.5230697
0.4776815
0.4988388
0.5456613
0.5056249
0.504254
0.4870838
0.531028
0.5076198
0.5540414
0.5820482
0.4549251
0.4976122
0.5429429
0.5474689
0.4930326
0.4964325
0.5243738
0.4904531
0.4813544
0.5510005
0.542699
0.5404986
0.4986828
0.4819244
0.4862324
0.5097358
0.5444989
0.4956924
0.5533195
0.5111318
0.5173042
0.5204876
0.538586
0.5194795
0.5309101
0.5251272
0.46132
0.4860233
0.5098627
0.5262775
0.5050764
0.541124
0.446052
0.5517011
0.5587148
0.378918
0.5800082
0.5182764
0.5004595
0.5456471
0.5217558
0.5482911
0.5145318
0.5537581
0.5647367
0.5114024
0.4976754
0.5954823
0.5161722
0.5091679
0.5434681
0.4790669
0.4853778
0.4997954
0.5248912
0.465856
0.5393615
0.4886172
0.4914926
0.4571946
0.4620844
0.5134519
0.4466628
0.5012663
0.532694
0.4975059
0.481289
0.5075451
0.5583666
0.4739981
0.4905939
0.4950418
0.5362308
0.4641507
0.480775
0.5196123
0.5434238
0.5693936
0.5065612
0.4557379
0.5233703
0.4800958
0.4778506
0.5040742
0.5247958
0.5580356
0.4724264
0.5294287
0.4703947
0.4546593
0.5925701
0.4846562
0.5581899
0.5171029
0.5251832
0.5275276
0.461096
0.4839974
0.4854289
0.5200333
0.5706763
0.5061182
0.4760184
0.5241668
0.5148793
0.5023954
0.5280063
0.5643159
0.4341908
0.5579972
0.5553194
0.5093959
0.472734
0.5204277
0.4685632
0.5358542
0.5297638
0.5474866
0.4983829
0.582692
0.5235975
0.5283052
0.5270483
0.5401911
0.5650585
0.5195013
0.5489371
0.4828585
0.5213788
0.494853
0.575179
0.50525
0.5186408
0.4932467
0.4213606
0.5057276
0.5373711
0.5181456
0.4928645
0.5227022
0.4534554
0.4736105
0.5128672
0.5495431
0.5192612
0.4483743
0.4765668
0.5037879
0.5082418
0.5185328
0.4766184
0.5483964
0.5463398
