   9.2424959560     11.5301460161
   1.2034277841     24.8897181696
   0.0000000000     10.9874303378
   8.9326247392      9.7507989177
   7.4191221496      9.3668717913
   0.0000000000      4.8235053554
   5.7591328718      7.9561856164
   3.1754087435      5.9563032790
   2.8763661219     17.3361443809
   6.3169271943     30.1852553169
   0.0000000000     10.9407623664
   0.0000000000     11.3583439081
   0.0000000000      6.3353415547
   3.1711603719     17.9014694599
   0.0000000000      7.9756897699
   0.0000000000      6.7822189610
   0.0000000000      4.1575768112
   5.5776612096     17.4387465427
   0.0000000000     12.1559024932
   8.3345423902     24.6853141934
   0.0000000000      7.5941974470
   0.0000000000      7.1303840344
  11.6936242153     30.7106137142
   8.7966394768     15.6373021505
   0.0000000000     13.8041333076
   1.1720843950     23.0576610924
   6.4184249079     10.2298571893
   0.0000000000     14.1344835922
   1.2480114834     16.5669994876
   0.0000000000      7.9352506008
   0.0000000000     16.2544051389
   4.0919424369     32.8478148690
   3.9271451996     18.2898658372
   0.0000000000     10.8835002104
   0.0000000000     14.3690915769
   6.3544384138      9.2446046038
   0.0000000000      3.8188837061
   0.5268050171     20.6254742948
   8.2768962843     10.1610530496
   7.8383513869     33.7412033355
   0.0000000000     11.0978830262
   1.2131831523     17.8246340462
   0.0000000000     12.7481937082
   0.0000000000      3.1794177693
   2.4218111152      5.3307756931
   1.5081559763      4.2708533080
   0.0000000000      6.5528192374
   0.0000000000     10.2126102565
   0.0000000000      3.4535110727
   0.0000000000      4.5827109974
   1.9009400688     14.8042625785
   0.0000000000     20.9211157773
   0.6092763157     26.3845538234
   4.8777266655      6.2528392216
   0.0000000000     10.9614149844
   0.0000000000     11.8447346138
   1.1218887996     21.1616554211
   0.0000000000     10.8421273646
   0.0000000000      7.6715191452
   4.5861864810     13.0167632245
   1.6657450527     22.4016088511
   0.0000000000      6.7173262343
   0.0000000000     19.8722070969
   0.0000000000      6.9608298036
   0.0000000000     12.9304523862
   1.5125998709      5.3471274440
   0.0000000000     18.0178911739
   2.9691214961      3.6496879386
   0.0000000000     12.7820750279
   0.0000000000     18.3747819044
   2.3892754519     10.2449771302
   7.1281944116     22.7259190420
   3.1053096859     21.6888310799
   1.6177218178      6.6301935846
   0.0000000000     16.0584113917
   4.7260484393     27.9813865709
   4.3788387609      4.7275280855
   0.0000000000     23.8011706620
   3.0042670392      5.1377807998
   0.0000000000     18.6159191810
   0.0000000000      4.4224973576
   1.1332043612     11.5544492457
   0.0000000000     16.0407582913
   6.0963872916     32.3307295181
   7.4578710744     31.0913626550
   3.7458789379     12.6368685955
   0.0000000000     10.1277150644
   7.2696201760      7.3123689684
   4.2102872666      6.6717007896
   2.4662046048      9.7137070277
   0.0000000000      7.3072989119
   9.0206388752     17.2317718080
   0.0000000000     11.2181821292
   1.5281695405     17.7555501157
   4.2058433276     27.8736696211
   0.0000000000     25.3436141295
   0.0000000000      8.6786869726
   1.1647582739     17.8683543842
   0.0000000000     19.7712178077
   0.0000000000     16.9882608796
   0.0000000000      7.7469713050
   0.0000000000      6.1041721962
   0.0000000000      8.0432572087
   0.0000000000     13.3657595127
  10.7570495604     11.7780299819
   0.0000000000     14.0741695348
   9.1826682150     27.4939702571
   0.9218179082      7.0810898320
   2.1591394016      7.2950346947
   1.1731384946     31.0761380156
   5.6136228114     24.9382962636
   1.8482161515     12.8126274036
   0.6775477666     25.2653952056
   0.0000000000      6.2067661003
   6.8646038684     19.8845279064
   0.0000000000     10.6279285228
   7.9155384295     24.1644303251
   4.9267267314     23.3659212213
   0.0000000000      4.8130007984
   0.0000000000      5.4554649293
   0.0000000000      9.6682775099
   5.8788536196     14.1233644735
   0.0000000000      6.6187463561
   4.9073332445     10.2222424862
   0.0000000000     12.1192308770
   0.0000000000      8.1379689458
   0.0000000000     17.3889741797
   3.2872831437     17.6667006772
   0.0000000000      1.2976981984
   2.3493526389      5.9205020948
   0.0000000000     13.6615699736
   3.6803370416     18.1054131866
   7.4082265776     10.9049974376
   0.7313981801      9.6874883506
   0.0000000000      6.9668561303
   8.4019771858     11.7171421307
   0.0000000000     11.9636264262
   2.1082992323     22.6386546006
   3.7347468525     26.7061443281
   5.2408614824     15.6840404206
   5.2917006555     30.7620192545
   0.0000000000      6.5518385084
   2.4984666164      9.7324412102
   3.6720644387     31.3837100382
   0.0000000000      9.7627692581
   9.1933699552     14.3341725199
   6.9052667751     15.3956703398
   2.4681402010     12.5691683696
   0.0000000000      6.7725585117
   4.7046550582      8.5907885980
   0.0000000000     17.8606645644
   8.3801933129      9.7716783172
   0.6720434350     29.0950560121
   0.8306235248      5.5709318629
   0.0000000000     23.8909013421
   0.0000000000     24.5332021417
   0.0000000000     16.6850175749
   4.6086853233     31.3414596721
   4.4537325705      4.9368059055
   2.5442357914     23.0293520467
   2.3879016802     19.6536431709
   0.0000000000      7.2721306554
   5.3341625248     31.5794591139
   2.0154676409     22.2486722905
   0.0000000000      9.3692526662
   0.0000000000     10.3235416350
   6.6129649062      8.9373128716
   0.0000000000     13.2250333132
   0.3482282681      6.5844710408
   6.6398157601     19.6847125343
   4.0933963558     22.4818101895
   0.0000000000     12.6010361830
   0.0000000000      8.4040238343
   4.7138976593     11.0032546009
   3.5674793133      6.6527255185
   7.7056372284     12.7216859241
   6.0748613609     10.2680133881
   0.0000000000     14.8689864032
   5.6275782195     14.3936800479
   0.0000000000      8.8807247994
   0.0000000000      9.5438965839
   0.0000000000      5.6133971155
   0.0533869498     12.1696463533
   0.0000000000     11.0063376285
   0.0000000000      4.0488801166
   0.0000000000      9.9247644447
   7.2062337424     17.4351047648
   0.5913793627     12.3899535991
   7.1922573350     12.4127401976
   0.0000000000     14.1048676172
   2.2506793255      5.8993902022
   0.0000000000     11.4646458266
   0.0000000000      7.0742918840
   0.0000000000      5.2068039206
   0.0000000000     11.1289276539
   0.0000000000     10.3454595355
   2.4144480484     12.9933749440
   0.0000000000     17.4330288302
   0.0000000000     28.1665723329
   2.6257186613      3.7108185385
   2.5662021400     13.1817132105
   5.1517686302      6.1977984204
   1.6067492501     30.2744275694
   2.1099549621     11.1254870347
   0.0000000000     13.5060527188
   0.0000000000     10.0579427332
   0.0000000000     11.1125158982
   7.5674294272     19.9955474904
   3.1980052370     14.3824539321
   0.2520492575      3.4681737495
   4.3195105384      7.4692405878
   0.7663738328      6.4798276217
   4.0341119729     10.6339231514
   0.0000000000      6.6113229819
   3.7135988593     16.0988658633
   0.0000000000     12.5981541764
   0.0000000000      7.0670138119
   0.0000000000     23.8960987391
   0.0000000000      8.9022420279
   2.8775819573     11.6149065999
   0.0000000000     14.9744158962
   0.0000000000     13.6670664688
   3.8370708465     17.3648135698
   0.0000000000      9.2335716243
   6.2076237395     24.1457472902
   1.8671156870      2.6542331457
   2.5514910862     13.3540851189
   5.6627697349     13.8822231339
   4.0389501044     14.9934157767
   2.9026100969     19.0991947212
   0.0000000000      7.6239929609
   6.2413778475      9.4621918850
   1.9443646096     20.1305997503
   0.0000000000     14.7091189810
   0.0000000000     29.0766463351
   0.0000000000      6.0314367864
   6.9652701616     10.2199431216
   5.5670679322     22.5954536662
   0.0000000000      8.6832752532
   5.1963729696      7.0892131065
   6.7368269313     18.9705657172
   0.0000000000     14.4426142621
   5.5296038041     17.5037759969
   2.6125420501     29.3179094593
   0.0000000000      4.9735757916
   0.0000000000      3.7012698067
   0.0000000000     13.4783091984
   5.6476380150     14.5863822480
   9.3408556904     14.7422285960
   0.0000000000     10.5825987600
   4.6840232840      5.8633555773
   2.4229847435     11.1929583154
   0.0000000000     11.7682410731
   0.0000000000     14.7042209368
   6.0261701051     11.7223058809
   4.3149527401      8.6072562261
   0.0000000000     13.2063527111
   1.8214769523     21.6676024131
   0.0000000000     13.5179041454
   0.0000000000      7.8552418130
   3.9765098747      6.7538788318
   4.2556184410      7.0171560927
   8.2556408445      8.8448035705
   0.0000000000     17.1289339961
   4.0176548721     18.2953104236
   1.2146418503     17.5403873898
   5.0369069256     19.0593238685
   0.0000000000      5.6507625208
   6.7383654433     25.9029392516
   4.0115078196     25.7309762042
   0.0000000000      8.3740626320
   0.0000000000     18.6438611615
   0.0000000000     15.4387054702
   0.0000000000     15.0283100568
   6.2791575452     18.6039739854
   0.0000000000     19.9015494266
   3.2513579525     31.2829286385
   9.0725451245     31.3972481834
   0.0000000000     10.6516310753
   3.3932949871     22.2579193509
   9.4552323546     14.2312965915
   8.7449928214     29.2099027740
   5.8118156287      7.5487397634
   3.1832613439     11.6361213324
   0.0000000000      6.8991017627
   1.2932044694     15.8025221669
   1.3455922253     17.6425891781
   0.0000000000      6.5015050378
   0.0000000000      8.1946279922
   1.2540784131     25.9269168372
   9.0153196030      9.6343090689
   1.6049919316     13.7824929143
   0.0000000000     13.3482880083
   2.5792722392     12.1029644471
   0.0000000000     20.4773753508
   6.5781494492     32.1917439386
   0.0000000000      8.5258909441
   1.2397413432      6.6716017560
   7.4950369120     15.1967182949
  11.4475985089     23.0263848288
   1.4306207116     13.9909840944
   0.1888763626     11.4768606026
   0.0000000000     10.3414394321
   3.4505971827     17.7208418449
   0.0000000000     16.3475957682
   0.0000000000     22.4974735789
   0.0000000000      5.5542669028
   6.4609999970     11.5626829409
   0.0000000000     15.1033198517
   3.7478498050     14.4629888292
   0.0000000000      8.2744065509
   0.0000000000     15.8868160672
   1.6232281226      7.4544459795
   3.6398130695     31.8206519605
   1.1059295067      9.5020315575
   8.8828298953     35.9809143067
   4.1808763479      6.9299597686
   2.1988474041      3.3079805579
   8.4042382715     24.6442903525
   0.0000000000     10.2276615532
   4.7330566504     11.0253756584
   1.2031530437      3.5800892824
   0.0000000000     10.1413703727
   2.2642494568      2.4011607661
   7.2650622316      7.4833181158
   0.0000000000     11.4953466928
   0.0000000000     12.6094627685
  14.2895784538     14.4283245122
   2.6261589294      6.1163541756
   0.0000000000      2.8123783354
   0.0000000000      7.6313453772
   0.0000000000     13.9153186916
   4.7390194445      5.6877649030
   0.0000000000     10.2815598937
   0.0000000000      7.5730269099
   0.0000000000     23.0729565086
   1.9949233534     27.8922893963
   4.5022978190     15.1392670051
   0.0000000000     16.5799663015
   0.0000000000     14.5042300135
   0.0000000000     17.6212145011
   3.9755085605      7.3091974084
   7.5070398882      8.2576403574
   1.5845030765      7.8508875404
   2.6976385213     11.2308159837
   6.7375848991     12.7567359542
   0.0000000000     21.3783267938
   0.0000000000     25.4208095102
   2.2227605311     23.8461737095
   9.6723093327     18.8153988552
   3.0299707379      5.1210218792
   0.0000000000     15.3718839220
   7.3352684521      7.3371639195
   0.0000000000     12.6348344492
   5.1690559719     13.5299858529
   3.6896988877     31.2634489832
   0.0000000000      4.6320909404
   0.0000000000     11.1412177610
   0.0000000000      7.1060980202
   6.6046081115     14.4330603260
   0.0000000000      7.0141662932
   0.0000000000      5.8482009744
   4.9812033598      9.8784827350
   0.0000000000     12.4328485075
   0.0000000000      6.5789812190
   0.0000000000     22.0661040784
   0.0000000000     21.7213626486
   5.9611546184     20.6882954061
   0.0000000000     10.4858039181
   1.9883917950     10.4852833919
   6.8679120695      9.8960059230
   2.1983703088     17.8108239611
   4.3415487721      9.6170141856
   4.4159465466     16.6173955720
   4.3674509262     25.5940096196
   0.0000000000     18.3401159487
   5.5038754072     34.7897776831
   4.0312389188     21.2479637969
   0.0000000000     12.8481440241
   0.0000000000     11.2842137295
   0.5564760086      9.5502271175
   0.0000000000     12.2825431956
   0.0000000000     14.8160384262
   5.1141524476      9.1791485307
   4.2760650050     12.7999404788
   3.4034812356     26.7162383952
   3.6918282914     23.6068087906
   1.4631947623     10.5004071273
   0.0000000000     14.1637412872
   7.8049081092     34.3652073361
   8.3787849344     13.2518000256
   0.0689923717      8.8535479502
   0.0000000000     24.8202240333
   0.0000000000     21.1519077038
   2.2637350935      3.0315233224
   0.0000000000     17.1881309306
   5.0840116370      6.5478882378
   0.0000000000     18.3361672088
   0.0000000000     12.9880944476
   0.0000000000      5.4073417496
   0.0000000000      6.2632894518
   4.9240877304      9.9308377851
   3.6805604981      7.8107993407
   2.2387412202     13.7357369704
   0.0000000000     11.4602568008
   0.0000000000      6.0931399770
   0.0000000000     19.9195104205
   4.8062703931     10.6059069421
   0.0000000000     23.3239251750
   5.7430540272      7.1069753475
   0.0000000000     11.7596385138
   5.6398649280     17.5185038389
   0.0000000000     19.5620826060
   6.2934538793     12.4052936460
   2.8584526399     18.8102654163
   0.0000000000     11.1940180650
   0.0000000000     18.4058381115
   0.0000000000      7.3109282708
   0.0000000000     10.9315324620
   4.1303518446     20.8230168941
   3.1350128537      4.0405475339
   4.8057153121     21.6171890194
   6.8729527209     19.2656070090
   0.0000000000     13.1315198291
   2.3341133631     21.6283197583
   0.0000000000     22.5360396238
   0.0000000000      7.9828345969
   0.0000000000     10.1042966381
   0.0000000000     13.8990064917
   0.0000000000      7.8604047308
   0.0000000000     11.1033983704
   0.1133889438      8.0136008502
   0.0000000000     10.6857036059
   0.0000000000     13.8096816949
   6.3820103335     21.9126581608
   0.0000000000     11.4342565951
   0.0000000000      9.2480795866
   0.0000000000      8.8411823954
   4.8610407638      7.9465485873
   0.0000000000      5.8949377657
   0.0000000000      7.9521254605
   1.0652021942      9.7861532637
   2.4913157320     16.0335869913
   0.0000000000     10.6669331660
   0.0000000000      9.5616246268
   0.0000000000     25.1897638629
   2.6886909924      7.4573372735
   0.0000000000      6.7216030549
   0.0000000000     17.2461000775
   0.0000000000     23.4859892832
   0.0000000000     20.0425352861
   3.4113563498     23.5634632085
   0.0000000000      9.1508835835
   4.1097533925      5.5950373209
   0.5955189000     13.1598868553
   7.5159885036     35.1299092784
   0.0000000000     10.9123103435
   0.0573606744     29.2174652582
   3.8339519277     14.0784804097
   0.0729467680     24.5950698201
   0.0000000000      5.9160275720
   4.9581175077     18.0439938295
   5.1074974077     17.7890388220
  11.7015259879     15.1106891407
   0.1660083343     24.0935819420
   0.0000000000      7.0985113310
   0.0000000000     11.6517711464
   0.0000000000     24.2828537107
   0.2005109186      7.3744074703
   4.5099548055     10.5245338731
   0.6028496188      5.3343082670
   0.0000000000     12.0661218805
   9.7455413653     12.9001141423
   5.3010603405      8.1111160759
   1.7148456277     15.4848286111
   0.0336483104     16.8375575737
   0.0000000000     17.9649853819
   0.0000000000     24.9115068045
   0.0000000000      6.9318557280
   5.6801664828     10.5553273168
   3.3247429218     19.4965183334
   0.0000000000     21.7288812786
   9.4433609348     11.4181526352
   0.0000000000      7.5176597943
   0.0000000000      8.1383840405
   0.0000000000      7.4585906722
   0.0000000000     10.9900590754
   0.0000000000      9.0344084316
   0.5273223311      1.5957241332
   0.0000000000     19.7728250554
   1.2098096583      9.6310489752
   0.0000000000      8.7303176582
   1.9731737851      5.9851111819
   0.0000000000      8.8250182952
   6.9708031144     16.0335969996
   0.0000000000     11.6310686498
   0.0000000000     14.5272786828
   0.0000000000     23.4611464983
   4.8857962079      7.3420456691
   1.3421040103      8.9299619271
   0.1427959828     18.7590338614
   0.0000000000     16.3066444817
   4.4868088048     31.0111400697
   0.0000000000     12.5121036904
   2.4309611150     13.0880087554
   0.0000000000     11.8895197937
   0.0000000000      9.3719044766
   2.6408529489     13.1397574403
   0.0000000000     13.1077027293
   0.0000000000     17.8754565235
   2.8806940060      4.7065969659
   2.6366981012     15.5759676535
   0.0000000000      7.9634051678
   0.0000000000      9.0069772504
   4.5248626669     29.3168487030
   8.5642615557      8.8289624646
   0.0000000000      3.5178499333
   0.0000000000     17.0245738144
   2.3231236552     12.8198007877
   4.3848491348     11.9568019962
   0.0000000000      7.6670895477
   7.9716235113     10.5916768479
   1.4752075213     21.7110884688
   0.0000000000      9.8117052571
   0.0000000000      8.6061360960
   4.5908244104     11.3279889673
   0.0000000000     16.1296902000
   6.6086607348      7.7891086401
   0.0000000000     15.5191930702
   6.5489278013     12.5213673969
   0.0000000000      8.2223386520
   2.2901872527      7.5094631587
   0.0000000000     25.9424189437
   7.5960256567     33.4468909076
   0.0000000000      5.9504937617
   0.0000000000      4.4439672910
   0.0000000000      5.6181831954
   0.0000000000     19.8241924660
   0.0000000000     21.8235532492
   4.8103019110      9.0022663795
   5.6716514405     27.2098666519
  12.0502510948     13.9301232025
   2.7866285030     32.2932538339
   9.0676461820     24.8975431502
   3.4084881327      5.0797566533
   3.9622468585     22.0763182402
   7.6734809256      9.6888815686
   0.0000000000     13.5975462755
   0.0000000000     22.4493387190
   6.1342479818      6.9571043818
   0.7910019989     12.0983607300
   4.6334064969     19.9158763463
   8.6309589906     11.3434853743
   0.0000000000     10.7200408380
   1.1105095380      5.0363097457
   1.0616428138      6.8610666688
   5.1424837611     11.4371079534
   0.0000000000     23.2662085176
   0.0000000000      9.9413447875
   2.2215926281      7.4575792155
   7.4280461570     13.6703843419
   0.0000000000     22.9712206805
   0.0000000000     20.6675156200
   3.7681813070     12.0585511161
   0.0000000000      8.3475538513
   2.5932889058      6.2213407270
   0.0000000000     16.6099712108
   0.0000000000     11.4343337975
   2.4575644982     29.0808186528
   0.0000000000      5.3840057717
   2.2043018322     14.1045273597
   0.0000000000      6.8153824838
   0.0000000000      6.8454965536
   5.2159108272      5.5077910580
   4.2837678693     11.6886530998
   5.3325164665     25.6098940928
   0.0000000000      2.2404066973
   0.0000000000     17.5452519370
   7.1847204710     13.7797515221
   1.3045837540      6.9914502124
   3.3791664490      3.9265912065
   4.2048837695     10.3736766715
   0.0000000000      8.9941756480
   3.8214226612      4.6390028073
   0.0000000000     17.4019754472
   0.0000000000     22.7511043937
   9.0566939215     12.8830218730
   0.0000000000     11.6222114801
   0.0000000000     16.6211878880
   3.6029037052      9.7598966642
   4.9005995586     12.9098544315
   0.0000000000      8.3186133206
   4.8191236330     11.7403527805
   0.0000000000     13.7654214930
   4.5620287918      7.5214763162
   0.0000000000     15.8811105573
   0.5746238922     13.6921937622
   2.9371354572     27.6890714038
   1.9465167896     12.3659475628
   0.0000000000     13.2642890723
   3.8588675215     16.3450802712
   1.0321806125     16.7023837848
   5.4849381876     10.7052930055
   6.1806465546     21.4099513692
   8.8419451686     35.1985870472
   0.0000000000     11.9073335291
   0.0000000000     26.9593300367
   1.6478423186     10.8128469667
  10.2924825769     13.7157877085
   0.0000000000     14.6480451956
   8.4143179660      9.0124667578
   3.6163325905     18.0317432506
   0.0000000000      5.2377369937
   0.0000000000     16.3790883266
   0.0000000000     18.5677838167
   0.0000000000     14.3732586369
   0.0000000000     13.8782796054
   0.0000000000      9.5711398147
   2.6476038781      7.6755644349
   8.8263797866      9.0250715813
   3.9520090290      9.2306634879
   0.0000000000     11.9892492926
   0.0000000000     14.7002980316
   5.6743484119     13.3006617682
   0.0000000000     19.3301906929
   0.0000000000      6.6495661526
   0.0000000000     10.2865152798
   0.0000000000     23.2096094028
   0.0000000000     15.9060445102
   0.0000000000      8.9215448692
   0.0000000000     24.1472137657
   0.0000000000     12.7987170901
   5.1687536479      8.2683153820
   0.0000000000     17.8387234899
   4.6168906190      7.0246383573
   7.7526022457     20.4733560632
   3.6526245332     30.2488942778
   5.9428813547     25.5480531759
   6.7690402555     30.1143253010
   0.0000000000      6.7065953632
   0.0000000000     13.1777160634
   0.0000000000     19.1688812284
   5.2985193724     24.0442341826
   3.9995431461     23.5904937297
   1.3514636756     25.7776276009
   2.7634873958     18.8887097515
   0.0000000000     11.7888917966
   0.0000000000      4.6276127454
   0.0000000000     22.6340857617
   1.9114814953     18.1544525645
   2.9236023830      9.0253757421
   3.2152265023     32.3500932319
   0.0000000000      6.5325083221
   0.0000000000      7.4689765067
   0.0000000000      6.4901753027
   0.0000000000     16.3129616467
   3.2459535989     13.1136516800
   0.0000000000      7.6401338840
   7.6001983674      8.8917107575
   3.4035677616     18.2632164154
   3.1701987367      9.8193479432
   0.0000000000      5.1295872982
   0.0000000000     25.5328462028
   0.1447373097     17.0164396373
   0.1688527663     19.8910352910
   0.0000000000      8.3694235182
   3.0128054447      7.4279272460
   0.0000000000     18.2382293037
   0.9201012568     21.4596693516
   5.7133195430     23.6581389459
   2.4698084052      7.3810256268
   4.2677393952     15.3624911320
   4.9432705004      8.8041817838
   1.7402049384     22.7253652690
   5.5610823982     19.0304050207
   0.1740285685     13.8255406490
   0.0000000000     16.0474311975
   3.4654602956      8.8259319665
   0.0000000000     18.3930730562
   0.0000000000      5.0428402361
   0.0000000000     12.1488499670
   1.1811856500      6.4735329001
   0.0000000000     17.3356387490
   3.6814801329      7.5111287654
   1.2268396110     12.2260396465
   3.6209627546     22.8134006589
   4.7179875846     16.0637360855
   0.0000000000     12.2651748332
   0.0000000000      6.6301373965
   0.0000000000      7.2322151199
   0.0578577489      8.4442044253
   0.0000000000     18.8814200614
   0.0000000000      7.3386023336
   5.3661963668     15.6950510451
   5.9203818225     12.9056824161
   0.0024470544     17.3460401128
   1.2932817221     27.9919347362
   4.6557766774      6.9996442795
   0.0000000000     11.3465824282
   2.9014942340     10.2123751771
   6.9637515869      7.8100182318
   0.0000000000     11.9593344850
   0.0000000000     14.0989711142
   1.6280081485     15.3251496493
   0.0000000000     16.6456151983
   3.8414984830     16.3963830467
   1.5229891417      6.4834377505
   0.0000000000      7.5848403636
   0.0000000000      7.5542953325
   0.0000000000     11.2410684724
   4.5717445798      9.0593911774
   0.0000000000     15.4521255809
   8.8857579964     19.2373862875
   0.0000000000      7.5078749409
   1.3540489468      8.5442940291
   0.0000000000     12.7933911618
   0.0000000000     20.4725080516
   6.6529774475     14.3931287038
   1.2022605563     16.4509792373
   4.3696712165     30.6447197024
   0.0409424872     20.5164909410
  13.6439769072     17.3844347183
   0.0000000000      9.6287301492
  10.0646285252     22.8421752754
   0.0000000000      2.9049777922
   0.0000000000      8.8150848771
   1.8069938221      9.7455264021
   4.2254802302      5.9177696927
   0.0000000000      8.7545702338
   6.7203790642     10.6024983991
   0.0000000000     12.1691381960
   0.0000000000     13.3628900082
   0.0000000000     11.9492468013
   3.2604716260     12.7212658037
   0.0000000000     19.4781105735
   2.9773055954     11.1598378762
   6.9362618755      8.3494305904
   0.0000000000     15.1650810391
   0.0000000000     20.1586045193
   6.2890722789     20.3020825635
   0.0000000000     13.1582122745
   3.9277628185      7.5542482770
   8.4852794965     13.4564697612
   0.0000000000     12.3247251438
   5.3740605211     14.8529081551
   1.9259875045     13.3506708048
   7.4116685267     24.1009429905
   3.7516246367     22.3836131647
   0.0564879577     25.4657248864
   0.3415701756      8.9636014217
   8.7011101583      9.2195187556
   0.9827188942      7.3112584494
   4.2383495318      9.2640363983
   7.8530275228      9.9329837340
   5.4422057317     14.9393320638
   0.3466040449     24.2020095573
  10.6368252999     10.6775880164
   0.3776958970      5.5103843135
   4.0274541642      4.1334069766
   6.3766981852     13.4657060335
   4.0326505972      8.9560782066
   6.2572331036     30.0115916835
   0.0000000000     18.1698370498
   4.3530415943      4.4530094517
   0.0000000000     12.9823814286
   8.4943436388     26.2275795599
   2.8478147051      3.8704051081
   0.1911383378     13.1845412009
   4.6771263987      9.9063037983
   5.4629437290     35.3083683616
   3.3345713772     27.0123850774
   2.3288446928      8.9223520311
   0.0000000000      6.1435702387
   0.0000000000     21.9142670721
   1.7554633005      7.2039780465
   0.0000000000     15.9744503656
  10.2305619397     12.0384695851
   0.0000000000      4.7282277073
   0.9782582174      5.7617285573
   0.0000000000     11.7089319773
   0.0000000000     22.7655587433
   4.9840751844     21.1658125092
   1.9551784516      3.1538846742
   0.0000000000     25.4034019620
   0.0000000000     12.3292993787
   0.7888173876     22.0951211284
   0.0000000000     12.2720058816
   2.6675212491      7.3285307327
   4.3897000539      5.2012991533
   0.0000000000      7.1207194502
   0.0000000000     13.5764775666
   0.0000000000     16.5077226237
   0.0000000000     12.7828808786
   0.0000000000     18.6807676587
   0.0000000000     21.1079728878
   0.0000000000      6.5026482191
   7.8800353772     34.2563472147
   8.3388130546     17.7647627049
   0.0000000000     14.2132004174
   5.5254435940      5.6245643079
   0.0000000000      7.5542888458
   0.0000000000     12.6504498483
   4.4575420418     18.2284915120
   0.0000000000     15.8177272157
   0.0000000000      4.5254890907
   0.0000000000     12.6088828366
   3.2210269084      5.0169176560
   2.7279333747     13.7421433281
   6.5840474805      8.1998098213
   0.0000000000     11.7099785474
   0.0503782763     26.6083667353
   0.0000000000      4.7701731809
   0.0000000000     17.3601785479
   5.8243368426     11.3588214542
   0.0000000000     24.7510701024
   0.0000000000     16.7353653668
   0.0000000000      8.4212412519
   1.0356531841     11.9519443536
   4.9311548679     15.6452146060
   1.4627329359     22.4815246664
   2.7123294386     12.4725684400
   0.0000000000     12.3419232997
   3.8205492889     16.5478752720
   0.0000000000     11.1832366232
   0.0000000000     15.2276059336
   3.8111136666     18.4127058283
   0.0000000000     11.7717440448
   0.0000000000      9.6379931635
   0.0000000000      5.7357989632
   2.3869092162     24.4069228453
   3.8658638888      5.7512776415
   5.4658937289     11.5889865912
   5.4641817695     21.8041041429
   0.0000000000      8.9511561743
   0.0000000000     17.4929422923
   0.5389014218     11.4780327515
   0.0119777239     18.0749930560
   0.0000000000     11.5799017249
   0.0000000000     11.4934099053
   1.5565264496     26.6833185861
   0.0000000000     14.7700030608
   0.0000000000     12.4240597955
   0.0000000000      3.1570239212
   5.0961088604     24.6061059727
   5.6907712630     33.6163896930
   0.0000000000     11.5800973001
   5.3513744287     25.6198698072
   5.4954713802     11.4909980560
   5.6226501372      9.2219394335
   0.0000000000     26.3555774044
   0.0000000000      3.2993170759
   0.4300434251     24.4286227963
   3.2911567705      8.1534615107
   0.0000000000      8.7010565637
   0.0000000000     25.3757171579
   3.7378147015     19.7827408554
   0.0000000000     19.4798733396
   8.5379648402     15.6708319019
   0.0000000000      3.6765538725
   0.0000000000     20.2741717752
   0.8900841311     16.2762143840
   7.2319661596     18.3954488596
   0.0000000000     12.3702152379
   0.0000000000     16.4931732754
   0.0000000000     23.0520486189
   5.2211012163      8.0437037312
   0.0000000000     15.1283426222
   0.0000000000     11.2622002700
   1.5800725453     17.2259953371
   5.9803677102      7.4680945772
   5.3506066979      8.3104225782
   9.5111612612      9.7712760172
   0.0000000000      9.9874624026
   4.0738240441     32.2043538232
   3.5180527175      5.8202014743
   0.0000000000      9.7908761065
   0.9098466033     14.6347565412
   0.0000000000      8.4775452125
   0.0000000000      8.5317682161
   3.0798906808     10.5802240610
   0.0000000000      7.2148649352
   2.4536054554     13.6348069147
   4.9775156925     21.2824438390
   0.0000000000      8.0575342437
   3.0611619432      6.7608999776
   3.9642421739     20.1912042865
   0.0000000000      9.3860752823
   1.2375498803      3.2056239192
   0.0000000000     12.1488894779
   0.0000000000     22.2398041963
   4.5985968033     31.4113282484
   0.0000000000     14.5472783030
   0.0000000000     20.7748008687
   0.0000000000     12.3833200641
   0.0000000000     21.3064465933
   6.6782240576      8.5273054114
   0.0639014198     14.1861841127
   0.0000000000     26.7396321942
   1.6088542580     10.1432981084
   0.0000000000     12.5102455697
   4.8211968391     13.3885681986
   0.7261900721     18.0929238303
   0.0000000000     19.9581551675
   0.0000000000     10.1429142126
   0.0000000000     20.0691729137
   0.0000000000      7.3253984706
   0.1151066893      8.3887156752
   0.0000000000      6.1327543026
   0.0000000000     13.2762087391
   0.0000000000     14.9534282303
   5.7356885853     12.0189691486
   0.0000000000      8.8470248623
   0.0000000000     14.3822757522
   2.9446643320     15.9677994390
   3.9088643961      9.2154040087
   2.3873008479      9.8371042439
   0.0000000000      5.6726913283
   0.0000000000      8.9023851628
   4.1001536470      5.2498587919
   5.3016173001     14.9522144913
   8.4401647346     27.6855052665
   0.0000000000     11.9431102683
   0.0000000000     22.9537288588
   4.6961359966     26.2351033430
   0.0000000000      8.9602644332
   0.0000000000     12.4445976202
   0.0000000000     11.5337205616
   0.0000000000      1.9570624711
   0.0000000000     10.2863764286
   0.0000000000      9.6318891736
   0.0000000000      9.6295164038
   4.4120453476      5.2918635149
   5.5490888396     15.0001505306
   0.0000000000     11.4444622286
   6.2022618578      6.2342360087
   5.6404752360      8.0556390337
   0.0000000000      7.4092482869
   0.0000000000     15.8202949235
   0.0000000000     13.5147058242
   0.0000000000     21.0192901254
   4.2894903983     15.3908147137
   0.0000000000     10.7212894259
   0.5741378964      3.2800010349
   0.0000000000     13.7041544516
   0.0000000000      8.1203820315
   0.8048024589      8.3292030231
   3.2059790387     10.7009677137
   4.2246009991     25.1231654356
   9.1204528966     15.4309218744
   3.9558002573      9.0999471316
   1.4227935056     19.7622956190
   9.1720904989     17.5054344869
   9.8134740133     10.8348208048
   4.3773623915     21.6720581491
   0.1935393959     20.7074213738
   0.0000000000      4.8262488111
   4.1805080142      7.6565376692
   0.0000000000     26.2127120617
   7.5474240147     12.1217992848
   0.0000000000     14.1353577509
   1.9407799701      5.1926830197
   3.8414857034     14.6777224767
   8.0201186255     34.4937709547
   5.5918869769     21.8173535809
   0.0000000000     20.7187226647
   0.0000000000     16.1782548033
   0.0000000000     11.1373945771
   0.0000000000      9.4617355127
   0.0000000000     25.3273401377
   0.0000000000     13.1312023316
   0.9746858794     15.5557060222
   5.0728705119     14.3943753855
   2.7620698145      9.2096250633
   0.0000000000      9.8126687812
   2.9588079695      7.4294619296
   1.8398974283     14.4812362757
   0.0000000000      9.1975607349
   0.0000000000      8.5887099322
   4.4612897382     16.4764544542
   6.5807687309     13.8153706391
   1.0745965071      7.4589221831
   0.0000000000     14.9075149136
   0.0000000000     12.6338734549
   1.0877634628      3.7700233446
   0.0000000000     25.1697971843
   0.0000000000     17.4328950603
   0.0000000000      6.0165071939
   0.0000000000     13.8877356375
   7.5203299405     11.9479832428
   0.9425283326     10.9225889196
   0.0000000000     10.7112322861
   0.0000000000     10.7553302651
   0.0000000000     18.4590493712
   0.0000000000      8.1766599511
   0.0000000000      8.3084699978
   9.9703394043     10.2619034072
   0.0000000000     18.6408414552
   0.0000000000     12.9240468574
   1.0386329294      6.8227950121
   0.0000000000      7.8722167797
