   0.0000000000        0.0000000000
   1.2976981984        0.0218481432
   1.3045837540        0.0218481432
   1.3421040103        0.0218481432
   1.3455922253        0.0218481432
   1.3514636756        0.0218481432
   1.3540489468        0.0218481432
   1.4227935056        0.0218481432
   1.4306207116        0.0218481432
   1.4627329359        0.0218481432
   1.4631947623        0.0218481432
   1.4752075213        0.0218481432
   1.5081559763        0.0218481432
   1.5125998709        0.0218481432
   1.5229891417        0.0218481432
   1.5281695405        0.0218481432
   1.5565264496        0.0218481432
   1.5800725453        0.0218481432
   1.5845030765        0.0218481432
   1.5957241332        0.0218481432
   1.6049919316        0.0218481432
   1.6067492501        0.0218481432
   1.6088542580        0.0218481432
   1.6177218178        0.0218481432
   1.6232281226        0.0218481432
   1.6280081485        0.0218481432
   1.6478423186        0.0218481432
   1.6657450527        0.0218481432
   1.7148456277        0.0218481432
   1.7402049384        0.0218481432
   1.7554633005        0.0218481432
   1.8069938221        0.0218481432
   1.8214769523        0.0218481432
   1.8398974283        0.0218481432
   1.8482161515        0.0218481432
   1.8671156870        0.0218481432
   1.9009400688        0.0218481432
   1.9114814953        0.0218481432
   1.9259875045        0.0218481432
   1.9407799701        0.0218481432
   1.9443646096        0.0218481432
   1.9465167896        0.0218481432
   1.9551784516        0.0218481432
   1.9570624711        0.0218481432
   1.9731737851        0.0218481432
   1.9883917950        0.0218481432
   1.9949233534        0.0218481432
   2.0154676409        0.0218481432
   2.1082992323        0.0218481432
   2.1099549621        0.0218481432
   2.1591394016        0.0218481432
   2.1983703088        0.0218481432
   2.1988474041        0.0218481432
   2.2043018322        0.0218481432
   2.2215926281        0.0218481432
   2.2227605311        0.0218481432
   2.2387412202        0.0218481432
   2.2404066973        0.0218481432
   2.2506793255        0.0218481432
   2.2637350935        0.0218481432
   2.2642494568        0.0218481432
   2.2901872527        0.0218481432
   2.3231236552        0.0218481432
   2.3288446928        0.0218481432
   2.3341133631        0.0218481432
   2.3493526389        0.0218481432
   2.3869092162        0.0218481432
   2.3873008479        0.0218481432
   2.3879016802        0.0218481432
   2.3892754519        0.0218481432
   2.4011607661        0.0482221041
   2.4144480484        0.0482221041
   2.4218111152        0.0482221041
   2.4229847435        0.0482221041
   2.4309611150        0.0482221041
   2.4536054554        0.0482221041
   2.4575644982        0.0482221041
   2.4662046048        0.0482221041
   2.4681402010        0.0482221041
   2.4698084052        0.0482221041
   2.4913157320        0.0482221041
   2.4984666164        0.0482221041
   2.5442357914        0.0482221041
   2.5514910862        0.0482221041
   2.5662021400        0.0482221041
   2.5792722392        0.0482221041
   2.5932889058        0.0482221041
   2.6125420501        0.0482221041
   2.6257186613        0.0482221041
   2.6261589294        0.0482221041
   2.6366981012        0.0482221041
   2.6408529489        0.0482221041
   2.6476038781        0.0482221041
   2.6542331457        0.0606229040
   2.6675212491        0.0606229040
   2.6886909924        0.0606229040
   2.6976385213        0.0606229040
   2.7123294386        0.0606229040
   2.7279333747        0.0606229040
   2.7620698145        0.0606229040
   2.7634873958        0.0606229040
   2.7866285030        0.0606229040
   2.8123783354        0.0606229040
   2.8478147051        0.0606229040
   2.8584526399        0.0606229040
   2.8763661219        0.0606229040
   2.8775819573        0.0606229040
   2.8806940060        0.0606229040
   2.9014942340        0.0606229040
   2.9026100969        0.0606229040
   2.9049777922        0.0606229040
   2.9236023830        0.0606229040
   2.9371354572        0.0606229040
   2.9446643320        0.0606229040
   2.9588079695        0.0606229040
   2.9691214961        0.0606229040
   2.9773055954        0.0606229040
   3.0042670392        0.0606229040
   3.0128054447        0.0606229040
   3.0299707379        0.0606229040
   3.0315233224        0.0830086307
   3.0611619432        0.0830086307
   3.0798906808        0.0830086307
   3.1053096859        0.0830086307
   3.1350128537        0.0830086307
   3.1538846742        0.1142381156
   3.1570239212        0.1142381156
   3.1701987367        0.1142381156
   3.1711603719        0.1142381156
   3.1754087435        0.1142381156
   3.1794177693        0.1142381156
   3.1832613439        0.1142381156
   3.1980052370        0.1142381156
   3.2056239192        0.1142381156
   3.2059790387        0.1142381156
   3.2152265023        0.1142381156
   3.2210269084        0.1142381156
   3.2459535989        0.1142381156
   3.2513579525        0.1142381156
   3.2604716260        0.1142381156
   3.2800010349        0.1142381156
   3.2872831437        0.1142381156
   3.2911567705        0.1142381156
   3.2993170759        0.1142381156
   3.3079805579        0.1142381156
   3.3247429218        0.1142381156
   3.3345713772        0.1142381156
   3.3791664490        0.1142381156
   3.3932949871        0.1142381156
   3.4034812356        0.1142381156
   3.4035677616        0.1142381156
   3.4084881327        0.1142381156
   3.4113563498        0.1142381156
   3.4505971827        0.1142381156
   3.4535110727        0.1453662793
   3.4654602956        0.1453662793
   3.4681737495        0.1453662793
   3.5178499333        0.1453662793
   3.5180527175        0.1453662793
   3.5674793133        0.1453662793
   3.5800892824        0.1453662793
   3.6029037052        0.1453662793
   3.6163325905        0.1453662793
   3.6209627546        0.1453662793
   3.6398130695        0.1453662793
   3.6496879386        0.1453662793
   3.6526245332        0.1453662793
   3.6720644387        0.1453662793
   3.6765538725        0.1453662793
   3.6803370416        0.1453662793
   3.6805604981        0.1453662793
   3.6814801329        0.1453662793
   3.6896988877        0.1453662793
   3.6918282914        0.1453662793
   3.7012698067        0.1453662793
   3.7108185385        0.1453662793
   3.7135988593        0.1453662793
   3.7347468525        0.1453662793
   3.7378147015        0.1453662793
   3.7458789379        0.1453662793
   3.7478498050        0.1453662793
   3.7516246367        0.1453662793
   3.7681813070        0.1453662793
   3.7700233446        0.1453662793
   3.8111136666        0.1453662793
   3.8188837061        0.1453662793
   3.8205492889        0.1453662793
   3.8214226612        0.1453662793
   3.8339519277        0.1453662793
   3.8370708465        0.1453662793
   3.8414857034        0.1453662793
   3.8414984830        0.1453662793
   3.8588675215        0.1453662793
   3.8658638888        0.1453662793
   3.8704051081        0.1453662793
   3.9088643961        0.1453662793
   3.9265912065        0.1453662793
   3.9271451996        0.1453662793
   3.9277628185        0.1453662793
   3.9520090290        0.1453662793
   3.9558002573        0.1453662793
   3.9622468585        0.1453662793
   3.9642421739        0.1453662793
   3.9755085605        0.1453662793
   3.9765098747        0.1453662793
   3.9995431461        0.1453662793
   4.0115078196        0.1453662793
   4.0176548721        0.1453662793
   4.0274541642        0.1453662793
   4.0312389188        0.1453662793
   4.0326505972        0.1453662793
   4.0341119729        0.1453662793
   4.0389501044        0.1453662793
   4.0405475339        0.1652957986
   4.0488801166        0.1652957986
   4.0738240441        0.1652957986
   4.0919424369        0.1652957986
   4.0933963558        0.1652957986
   4.1001536470        0.1652957986
   4.1097533925        0.1652957986
   4.1303518446        0.1652957986
   4.1334069766        0.1652957986
   4.1575768112        0.1652957986
   4.1805080142        0.1652957986
   4.1808763479        0.1652957986
   4.2048837695        0.1652957986
   4.2058433276        0.1652957986
   4.2102872666        0.1652957986
   4.2246009991        0.1652957986
   4.2254802302        0.1652957986
   4.2383495318        0.1652957986
   4.2556184410        0.1652957986
   4.2677393952        0.1652957986
   4.2708533080        0.1652957986
   4.2760650050        0.1652957986
   4.2837678693        0.1652957986
   4.2894903983        0.1652957986
   4.3149527401        0.1652957986
   4.3195105384        0.1652957986
   4.3415487721        0.1652957986
   4.3530415943        0.1652957986
   4.3674509262        0.1652957986
   4.3696712165        0.1652957986
   4.3773623915        0.1652957986
   4.3788387609        0.1652957986
   4.3848491348        0.1652957986
   4.3897000539        0.1652957986
   4.4120453476        0.1652957986
   4.4159465466        0.1652957986
   4.4224973576        0.2355918796
   4.4439672910        0.2355918796
   4.4530094517        0.2355918796
   4.4537325705        0.2355918796
   4.4575420418        0.2355918796
   4.4612897382        0.2355918796
   4.4868088048        0.2355918796
   4.5022978190        0.2355918796
   4.5099548055        0.2355918796
   4.5248626669        0.2355918796
   4.5254890907        0.2355918796
   4.5620287918        0.2355918796
   4.5717445798        0.2355918796
   4.5827109974        0.2355918796
   4.5861864810        0.2355918796
   4.5908244104        0.2355918796
   4.5985968033        0.2355918796
   4.6086853233        0.2355918796
   4.6168906190        0.2355918796
   4.6276127454        0.2717952733
   4.6320909404        0.2717952733
   4.6334064969        0.2717952733
   4.6390028073        0.2717952733
   4.6557766774        0.2717952733
   4.6771263987        0.2717952733
   4.6840232840        0.2717952733
   4.6961359966        0.2717952733
   4.7046550582        0.2717952733
   4.7065969659        0.2717952733
   4.7138976593        0.2717952733
   4.7179875846        0.2717952733
   4.7260484393        0.2717952733
   4.7275280855        0.2717952733
   4.7282277073        0.2717952733
   4.7330566504        0.2717952733
   4.7390194445        0.2717952733
   4.7701731809        0.2717952733
   4.8057153121        0.2717952733
   4.8062703931        0.2717952733
   4.8103019110        0.2717952733
   4.8130007984        0.2717952733
   4.8191236330        0.2717952733
   4.8211968391        0.2717952733
   4.8235053554        0.2717952733
   4.8262488111        0.2717952733
   4.8610407638        0.2717952733
   4.8777266655        0.2717952733
   4.8857962079        0.2717952733
   4.9005995586        0.2717952733
   4.9073332445        0.2717952733
   4.9240877304        0.2717952733
   4.9267267314        0.2717952733
   4.9311548679        0.2717952733
   4.9368059055        0.3222723918
   4.9432705004        0.3222723918
   4.9581175077        0.3222723918
   4.9735757916        0.3222723918
   4.9775156925        0.3222723918
   4.9812033598        0.3222723918
   4.9840751844        0.3222723918
   5.0169176560        0.3222723918
   5.0363097457        0.3222723918
   5.0369069256        0.3222723918
   5.0428402361        0.3222723918
   5.0728705119        0.3222723918
   5.0797566533        0.3222723918
   5.0840116370        0.3222723918
   5.0961088604        0.3222723918
   5.1074974077        0.3222723918
   5.1141524476        0.3222723918
   5.1210218792        0.3222723918
   5.1295872982        0.3222723918
   5.1377807998        0.3222723918
   5.1424837611        0.3222723918
   5.1517686302        0.3222723918
   5.1687536479        0.3222723918
   5.1690559719        0.3222723918
   5.1926830197        0.3222723918
   5.1963729696        0.3222723918
   5.2012991533        0.3222723918
   5.2068039206        0.3222723918
   5.2159108272        0.3222723918
   5.2211012163        0.3222723918
   5.2377369937        0.3596627122
   5.2408614824        0.3596627122
   5.2498587919        0.3596627122
   5.2917006555        0.3596627122
   5.2918635149        0.3596627122
   5.2985193724        0.3596627122
   5.3010603405        0.3596627122
   5.3016173001        0.3596627122
   5.3307756931        0.3596627122
   5.3325164665        0.3596627122
   5.3341625248        0.3596627122
   5.3343082670        0.3596627122
   5.3471274440        0.3596627122
   5.3506066979        0.3596627122
   5.3513744287        0.3596627122
   5.3661963668        0.3596627122
   5.3740605211        0.3596627122
   5.3840057717        0.3596627122
   5.4073417496        0.3596627122
   5.4422057317        0.3596627122
   5.4554649293        0.3596627122
   5.4629437290        0.3596627122
   5.4641817695        0.3596627122
   5.4658937289        0.3596627122
   5.4849381876        0.3596627122
   5.4954713802        0.3596627122
   5.5038754072        0.3596627122
   5.5077910580        0.3836036157
   5.5103843135        0.3836036157
   5.5254435940        0.3836036157
   5.5296038041        0.3836036157
   5.5490888396        0.3836036157
   5.5542669028        0.3836036157
   5.5610823982        0.3836036157
   5.5670679322        0.3836036157
   5.5709318629        0.3836036157
   5.5776612096        0.3836036157
   5.5918869769        0.3836036157
   5.5950373209        0.4530891470
   5.6133971155        0.4530891470
   5.6136228114        0.4530891470
   5.6181831954        0.4530891470
   5.6226501372        0.4530891470
   5.6245643079        0.4530891470
   5.6275782195        0.4530891470
   5.6398649280        0.4530891470
   5.6404752360        0.4530891470
   5.6476380150        0.4530891470
   5.6507625208        0.4530891470
   5.6627697349        0.4530891470
   5.6716514405        0.4530891470
   5.6726913283        0.4530891470
   5.6743484119        0.4530891470
   5.6801664828        0.4530891470
   5.6877649030        0.4530891470
   5.6907712630        0.4530891470
   5.7133195430        0.4530891470
   5.7356885853        0.4530891470
   5.7357989632        0.4530891470
   5.7430540272        0.4530891470
   5.7512776415        0.4530891470
   5.7591328718        0.4530891470
   5.7617285573        0.4530891470
   5.8118156287        0.4530891470
   5.8202014743        0.4858545735
   5.8243368426        0.4858545735
   5.8482009744        0.4858545735
   5.8633555773        0.4858545735
   5.8788536196        0.4858545735
   5.8949377657        0.4858545735
   5.8993902022        0.4858545735
   5.9160275720        0.4858545735
   5.9177696927        0.4858545735
   5.9203818225        0.4858545735
   5.9205020948        0.4858545735
   5.9428813547        0.4858545735
   5.9504937617        0.4858545735
   5.9563032790        0.4858545735
   5.9611546184        0.4858545735
   5.9803677102        0.4858545735
   5.9851111819        0.4858545735
   6.0165071939        0.4858545735
   6.0261701051        0.4858545735
   6.0314367864        0.4858545735
   6.0748613609        0.4858545735
   6.0931399770        0.4858545735
   6.0963872916        0.4858545735
   6.1041721962        0.4858545735
   6.1163541756        0.4858545735
   6.1327543026        0.4858545735
   6.1342479818        0.4858545735
   6.1435702387        0.4858545735
   6.1806465546        0.4858545735
   6.1977984204        0.4858545735
   6.2022618578        0.4858545735
   6.2067661003        0.5000000000
   6.2076237395        0.5000000000
   6.2213407270        0.5429822464
   6.2342360087        0.5429822464
   6.2413778475        0.5429822464
   6.2528392216        0.5429822464
   6.2572331036        0.5429822464
   6.2632894518        0.5429822464
   6.2791575452        0.5429822464
   6.2890722789        0.5429822464
   6.2934538793        0.5429822464
   6.3169271943        0.5429822464
   6.3353415547        0.5429822464
   6.3544384138        0.5429822464
   6.3766981852        0.5429822464
   6.3820103335        0.5429822464
   6.4184249079        0.5429822464
   6.4609999970        0.5429822464
   6.4735329001        0.5670679176
   6.4798276217        0.5670679176
   6.4834377505        0.5670679176
   6.4901753027        0.5670679176
   6.5015050378        0.5670679176
   6.5026482191        0.5670679176
   6.5325083221        0.5670679176
   6.5478882378        0.5670679176
   6.5489278013        0.5670679176
   6.5518385084        0.5670679176
   6.5528192374        0.5670679176
   6.5781494492        0.5670679176
   6.5789812190        0.5670679176
   6.5807687309        0.5670679176
   6.5840474805        0.5670679176
   6.5844710408        0.5670679176
   6.6046081115        0.5670679176
   6.6086607348        0.5670679176
   6.6113229819        0.5670679176
   6.6129649062        0.5670679176
   6.6187463561        0.5670679176
   6.6301373965        0.5670679176
   6.6301935846        0.5670679176
   6.6398157601        0.5670679176
   6.6495661526        0.5670679176
   6.6527255185        0.5670679176
   6.6529774475        0.5670679176
   6.6716017560        0.5670679176
   6.6717007896        0.5670679176
   6.6782240576        0.5670679176
   6.7065953632        0.5670679176
   6.7173262343        0.5670679176
   6.7203790642        0.5670679176
   6.7216030549        0.5670679176
   6.7368269313        0.5670679176
   6.7375848991        0.5670679176
   6.7383654433        0.5670679176
   6.7538788318        0.5963731217
   6.7608999776        0.5963731217
   6.7690402555        0.5963731217
   6.7725585117        0.5963731217
   6.7822189610        0.5963731217
   6.8153824838        0.5963731217
   6.8227950121        0.5963731217
   6.8454965536        0.5963731217
   6.8610666688        0.5963731217
   6.8646038684        0.5963731217
   6.8679120695        0.5963731217
   6.8729527209        0.5963731217
   6.8991017627        0.5963731217
   6.9052667751        0.5963731217
   6.9299597686        0.5963731217
   6.9318557280        0.5963731217
   6.9362618755        0.5963731217
   6.9571043818        0.5963731217
   6.9608298036        0.5963731217
   6.9637515869        0.5963731217
   6.9652701616        0.5963731217
   6.9668561303        0.5963731217
   6.9708031144        0.5963731217
   6.9914502124        0.6113305529
   6.9996442795        0.6113305529
   7.0141662932        0.6113305529
   7.0171560927        0.6113305529
   7.0246383573        0.6113305529
   7.0670138119        0.6113305529
   7.0742918840        0.6113305529
   7.0810898320        0.6113305529
   7.0892131065        0.6113305529
   7.0985113310        0.6113305529
   7.1060980202        0.6113305529
   7.1069753475        0.6113305529
   7.1207194502        0.6113305529
   7.1281944116        0.6113305529
   7.1303840344        0.6113305529
   7.1847204710        0.6113305529
   7.1922573350        0.6113305529
   7.2039780465        0.6113305529
   7.2062337424        0.6113305529
   7.2148649352        0.6113305529
   7.2319661596        0.6113305529
   7.2322151199        0.6113305529
   7.2650622316        0.6113305529
   7.2696201760        0.6113305529
   7.2721306554        0.6787714652
   7.2950346947        0.6787714652
   7.3072989119        0.6787714652
   7.3091974084        0.6787714652
   7.3109282708        0.6787714652
   7.3112584494        0.6787714652
   7.3123689684        0.6787714652
   7.3253984706        0.6787714652
   7.3285307327        0.6787714652
   7.3352684521        0.6787714652
   7.3371639195        0.7155243164
   7.3386023336        0.7155243164
   7.3420456691        0.7155243164
   7.3744074703        0.7155243164
   7.3810256268        0.7155243164
   7.4082265776        0.7155243164
   7.4092482869        0.7155243164
   7.4116685267        0.7155243164
   7.4191221496        0.7155243164
   7.4279272460        0.7155243164
   7.4280461570        0.7155243164
   7.4294619296        0.7155243164
   7.4544459795        0.7155243164
   7.4573372735        0.7155243164
   7.4575792155        0.7155243164
   7.4578710744        0.7155243164
   7.4585906722        0.7155243164
   7.4589221831        0.7155243164
   7.4680945772        0.7155243164
   7.4689765067        0.7155243164
   7.4692405878        0.7155243164
   7.4833181158        0.7155243164
   7.4950369120        0.7155243164
   7.5070398882        0.7155243164
   7.5078749409        0.7155243164
   7.5094631587        0.7155243164
   7.5111287654        0.7155243164
   7.5159885036        0.7155243164
   7.5176597943        0.7155243164
   7.5203299405        0.7155243164
   7.5214763162        0.7155243164
   7.5474240147        0.7155243164
   7.5487397634        0.7155243164
   7.5542482770        0.7155243164
   7.5542888458        0.7155243164
   7.5542953325        0.7155243164
   7.5674294272        0.7155243164
   7.5730269099        0.7155243164
   7.5848403636        0.7155243164
   7.5941974470        0.7155243164
   7.5960256567        0.7155243164
   7.6001983674        0.7155243164
   7.6239929609        0.7155243164
   7.6313453772        0.7155243164
   7.6401338840        0.7155243164
   7.6565376692        0.7155243164
   7.6670895477        0.7155243164
   7.6715191452        0.7155243164
   7.6734809256        0.7155243164
   7.6755644349        0.7155243164
   7.7056372284        0.7155243164
   7.7469713050        0.7155243164
   7.7526022457        0.7155243164
   7.7891086401        0.7337652775
   7.8049081092        0.7337652775
   7.8100182318        0.7337652775
   7.8107993407        0.7337652775
   7.8383513869        0.7337652775
   7.8508875404        0.7337652775
   7.8530275228        0.7337652775
   7.8552418130        0.7337652775
   7.8604047308        0.7337652775
   7.8722167797        0.7337652775
   7.8800353772        0.7337652775
   7.9155384295        0.7337652775
   7.9352506008        0.7482403144
   7.9465485873        0.7482403144
   7.9521254605        0.7482403144
   7.9561856164        0.7482403144
   7.9634051678        0.7482403144
   7.9716235113        0.7482403144
   7.9756897699        0.7482403144
   7.9828345969        0.7482403144
   8.0136008502        0.7482403144
   8.0201186255        0.7482403144
   8.0432572087        0.7482403144
   8.0437037312        0.7482403144
   8.0556390337        0.7482403144
   8.0575342437        0.7482403144
   8.1111160759        0.7482403144
   8.1203820315        0.7482403144
   8.1379689458        0.7482403144
   8.1383840405        0.7482403144
   8.1534615107        0.7482403144
   8.1766599511        0.7482403144
   8.1946279922        0.7482403144
   8.1998098213        0.7482403144
   8.2223386520        0.7482403144
   8.2556408445        0.7482403144
   8.2576403574        0.7482403144
   8.2683153820        0.7482403144
   8.2744065509        0.7482403144
   8.2768962843        0.7482403144
   8.3084699978        0.7482403144
   8.3104225782        0.7482403144
   8.3186133206        0.7482403144
   8.3292030231        0.7482403144
   8.3345423902        0.7482403144
   8.3388130546        0.7482403144
   8.3475538513        0.7482403144
   8.3494305904        0.7482403144
   8.3694235182        0.7482403144
   8.3740626320        0.7482403144
   8.3787849344        0.7482403144
   8.3801933129        0.7482403144
   8.3887156752        0.7482403144
   8.4019771858        0.7482403144
   8.4040238343        0.7482403144
   8.4042382715        0.7482403144
   8.4143179660        0.7482403144
   8.4212412519        0.7482403144
   8.4401647346        0.7482403144
   8.4442044253        0.7482403144
   8.4775452125        0.7482403144
   8.4852794965        0.7482403144
   8.4943436388        0.7482403144
   8.5258909441        0.7482403144
   8.5273054114        0.7482403144
   8.5317682161        0.7482403144
   8.5379648402        0.7482403144
   8.5442940291        0.7482403144
   8.5642615557        0.7482403144
   8.5887099322        0.7482403144
   8.5907885980        0.7482403144
   8.6061360960        0.7482403144
   8.6072562261        0.7482403144
   8.6309589906        0.7482403144
   8.6786869726        0.7482403144
   8.6832752532        0.7482403144
   8.7010565637        0.7482403144
   8.7011101583        0.7482403144
   8.7303176582        0.7482403144
   8.7449928214        0.7482403144
   8.7545702338        0.7482403144
   8.7966394768        0.7482403144
   8.8041817838        0.7482403144
   8.8150848771        0.7482403144
   8.8250182952        0.7482403144
   8.8259319665        0.7482403144
   8.8263797866        0.7482403144
   8.8289624646        0.8319087636
   8.8411823954        0.8319087636
   8.8419451686        0.8319087636
   8.8448035705        0.8319087636
   8.8470248623        0.8319087636
   8.8535479502        0.8319087636
   8.8807247994        0.8319087636
   8.8828298953        0.8319087636
   8.8857579964        0.8319087636
   8.8917107575        0.8319087636
   8.9022420279        0.8319087636
   8.9023851628        0.8319087636
   8.9215448692        0.8319087636
   8.9223520311        0.8319087636
   8.9299619271        0.8319087636
   8.9326247392        0.8319087636
   8.9373128716        0.8319087636
   8.9511561743        0.8319087636
   8.9560782066        0.8319087636
   8.9602644332        0.8319087636
   8.9636014217        0.8319087636
   8.9941756480        0.8319087636
   9.0022663795        0.8319087636
   9.0069772504        0.8319087636
   9.0124667578        0.8319087636
   9.0153196030        0.8319087636
   9.0206388752        0.8319087636
   9.0250715813        0.8319087636
   9.0253757421        0.8319087636
   9.0344084316        0.8319087636
   9.0566939215        0.8319087636
   9.0593911774        0.8319087636
   9.0676461820        0.8319087636
   9.0725451245        0.8319087636
   9.0999471316        0.8319087636
   9.1204528966        0.8319087636
   9.1508835835        0.8319087636
   9.1720904989        0.8319087636
   9.1791485307        0.8319087636
   9.1826682150        0.8319087636
   9.1933699552        0.8319087636
   9.1975607349        0.8442698215
   9.2096250633        0.8442698215
   9.2154040087        0.8442698215
   9.2195187556        0.8442698215
   9.2219394335        0.8442698215
   9.2306634879        0.8442698215
   9.2335716243        0.8442698215
   9.2424959560        0.8442698215
   9.2446046038        0.8442698215
   9.2480795866        0.8442698215
   9.2640363983        0.8442698215
   9.3408556904        0.8442698215
   9.3668717913        0.8442698215
   9.3692526662        0.8442698215
   9.3719044766        0.8442698215
   9.3860752823        0.8442698215
   9.4433609348        0.8442698215
   9.4552323546        0.8442698215
   9.4617355127        0.8442698215
   9.4621918850        0.8442698215
   9.5020315575        0.8442698215
   9.5111612612        0.8442698215
   9.5438965839        0.9173970514
   9.5502271175        0.9173970514
   9.5616246268        0.9173970514
   9.5711398147        0.9173970514
   9.6170141856        0.9173970514
   9.6287301492        0.9173970514
   9.6295164038        0.9173970514
   9.6310489752        0.9173970514
   9.6318891736        0.9173970514
   9.6343090689        0.9173970514
   9.6379931635        0.9173970514
   9.6682775099        0.9173970514
   9.6723093327        0.9173970514
   9.6874883506        0.9173970514
   9.6888815686        0.9173970514
   9.7137070277        0.9173970514
   9.7324412102        0.9173970514
   9.7455264021        0.9173970514
   9.7455413653        0.9173970514
   9.7507989177        0.9173970514
   9.7598966642        0.9173970514
   9.7627692581        0.9173970514
   9.7712760172        0.9173970514
   9.7716783172        0.9173970514
   9.7861532637        0.9173970514
   9.7908761065        0.9173970514
   9.8117052571        0.9173970514
   9.8126687812        0.9173970514
   9.8134740133        0.9173970514
   9.8193479432        0.9173970514
   9.8371042439        0.9173970514
   9.8784827350        0.9173970514
   9.8960059230        0.9173970514
   9.9063037983        0.9173970514
   9.9247644447        0.9173970514
   9.9308377851        0.9173970514
   9.9329837340        0.9173970514
   9.9413447875        0.9173970514
   9.9703394043        0.9173970514
   9.9874624026        0.9173970514
  10.0579427332        0.9173970514
  10.0646285252        0.9173970514
  10.1042966381        0.9370424601
  10.1277150644        0.9370424601
  10.1413703727        0.9370424601
  10.1429142126        0.9370424601
  10.1432981084        0.9370424601
  10.1610530496        0.9370424601
  10.2123751771        0.9370424601
  10.2126102565        0.9370424601
  10.2199431216        0.9370424601
  10.2222424862        0.9370424601
  10.2276615532        0.9370424601
  10.2298571893        0.9370424601
  10.2305619397        0.9370424601
  10.2449771302        0.9455192669
  10.2619034072        0.9455192669
  10.2680133881        0.9455192669
  10.2815598937        0.9455192669
  10.2863764286        0.9455192669
  10.2865152798        0.9455192669
  10.2924825769        0.9455192669
  10.3235416350        0.9455192669
  10.3414394321        0.9455192669
  10.3454595355        0.9455192669
  10.3736766715        0.9455192669
  10.4852833919        0.9455192669
  10.4858039181        0.9455192669
  10.5004071273        0.9455192669
  10.5245338731        0.9455192669
  10.5553273168        0.9455192669
  10.5802240610        0.9455192669
  10.5825987600        0.9455192669
  10.5916768479        0.9455192669
  10.6024983991        0.9455192669
  10.6059069421        0.9455192669
  10.6279285228        0.9455192669
  10.6339231514        0.9455192669
  10.6368252999        0.9455192669
  10.6516310753        0.9671209157
  10.6669331660        0.9671209157
  10.6775880164        0.9671209157
  10.6857036059        0.9671209157
  10.7009677137        0.9671209157
  10.7052930055        0.9671209157
  10.7112322861        0.9671209157
  10.7200408380        0.9671209157
  10.7212894259        0.9671209157
  10.7553302651        0.9671209157
  10.7570495604        0.9671209157
  10.8128469667        0.9716880993
  10.8348208048        0.9716880993
  10.8421273646        0.9716880993
  10.8835002104        0.9716880993
  10.9049974376        0.9716880993
  10.9123103435        0.9716880993
  10.9225889196        0.9716880993
  10.9315324620        0.9716880993
  10.9407623664        0.9716880993
  10.9614149844        0.9716880993
  10.9874303378        0.9716880993
  10.9900590754        0.9716880993
  11.0032546009        0.9716880993
  11.0063376285        0.9716880993
  11.0253756584        0.9716880993
  11.0978830262        0.9716880993
  11.1033983704        0.9716880993
  11.1125158982        0.9716880993
  11.1254870347        0.9716880993
  11.1289276539        0.9716880993
  11.1373945771        0.9716880993
  11.1412177610        0.9716880993
  11.1598378762        0.9716880993
  11.1832366232        0.9716880993
  11.1929583154        0.9716880993
  11.1940180650        0.9716880993
  11.2181821292        0.9716880993
  11.2308159837        0.9716880993
  11.2410684724        0.9716880993
  11.2622002700        0.9716880993
  11.2842137295        0.9716880993
  11.3279889673        0.9716880993
  11.3434853743        0.9716880993
  11.3465824282        0.9716880993
  11.3583439081        0.9716880993
  11.3588214542        0.9716880993
  11.4181526352        0.9716880993
  11.4342565951        0.9716880993
  11.4343337975        0.9716880993
  11.4371079534        0.9716880993
  11.4444622286        0.9716880993
  11.4475985089        0.9716880993
  11.4602568008        0.9716880993
  11.4646458266        0.9716880993
  11.4768606026        0.9716880993
  11.4780327515        0.9716880993
  11.4909980560        0.9716880993
  11.4934099053        0.9716880993
  11.4953466928        0.9716880993
  11.5301460161        0.9716880993
  11.5337205616        0.9716880993
  11.5544492457        0.9716880993
  11.5626829409        0.9716880993
  11.5799017249        0.9716880993
  11.5800973001        0.9716880993
  11.5889865912        0.9716880993
  11.6149065999        0.9716880993
  11.6222114801        0.9716880993
  11.6310686498        0.9716880993
  11.6361213324        0.9716880993
  11.6517711464        0.9716880993
  11.6886530998        0.9716880993
  11.6936242153        0.9716880993
  11.7015259879        0.9716880993
  11.7089319773        0.9848673214
  11.7099785474        0.9848673214
  11.7171421307        0.9848673214
  11.7223058809        0.9848673214
  11.7403527805        0.9848673214
  11.7596385138        0.9848673214
  11.7682410731        0.9848673214
  11.7717440448        0.9848673214
  11.7780299819        0.9848673214
  11.7888917966        0.9848673214
  11.8447346138        0.9848673214
  11.8895197937        0.9848673214
  11.9073335291        0.9848673214
  11.9431102683        0.9848673214
  11.9479832428        0.9848673214
  11.9492468013        0.9848673214
  11.9519443536        0.9848673214
  11.9568019962        0.9848673214
  11.9593344850        0.9848673214
  11.9636264262        0.9848673214
  11.9892492926        0.9848673214
  12.0189691486        0.9848673214
  12.0384695851        0.9848673214
  12.0502510948        0.9848673214
  12.0585511161        0.9926496139
  12.0661218805        0.9926496139
  12.0983607300        0.9926496139
  12.1029644471        0.9926496139
  12.1192308770        0.9926496139
  12.1217992848        0.9926496139
  12.1488499670        0.9926496139
  12.1488894779        0.9926496139
  12.1559024932        0.9926496139
  12.1691381960        0.9926496139
  12.1696463533        0.9926496139
  12.2260396465        0.9926496139
  12.2651748332        0.9926496139
  12.2720058816        0.9926496139
  12.2825431956        0.9926496139
  12.3247251438        0.9926496139
  12.3292993787        0.9926496139
  12.3419232997        0.9926496139
  12.3659475628        0.9926496139
  12.3702152379        0.9926496139
  12.3833200641        0.9926496139
  12.3899535991        0.9926496139
  12.4052936460        0.9926496139
  12.4127401976        0.9926496139
  12.4240597955        0.9926496139
  12.4328485075        0.9926496139
  12.4445976202        0.9926496139
  12.4725684400        0.9926496139
  12.5102455697        0.9926496139
  12.5121036904        0.9926496139
  12.5213673969        0.9926496139
  12.5691683696        0.9926496139
  12.5981541764        0.9926496139
  12.6010361830        0.9926496139
  12.6088828366        0.9926496139
  12.6094627685        0.9926496139
  12.6338734549        0.9926496139
  12.6348344492        0.9926496139
  12.6368685955        0.9926496139
  12.6504498483        0.9926496139
  12.7212658037        0.9926496139
  12.7216859241        0.9926496139
  12.7481937082        0.9926496139
  12.7567359542        0.9926496139
  12.7820750279        0.9926496139
  12.7828808786        0.9926496139
  12.7933911618        0.9926496139
  12.7987170901        0.9926496139
  12.7999404788        0.9926496139
  12.8126274036        0.9926496139
  12.8198007877        0.9926496139
  12.8481440241        0.9926496139
  12.8830218730        0.9926496139
  12.9001141423        0.9926496139
  12.9056824161        0.9926496139
  12.9098544315        0.9926496139
  12.9240468574        0.9926496139
  12.9304523862        0.9926496139
  12.9823814286        0.9926496139
  12.9880944476        0.9926496139
  12.9933749440        0.9926496139
  13.0167632245        0.9926496139
  13.0880087554        0.9926496139
  13.1077027293        0.9926496139
  13.1136516800        0.9926496139
  13.1312023316        0.9926496139
  13.1315198291        0.9926496139
  13.1397574403        0.9926496139
  13.1582122745        0.9926496139
  13.1598868553        0.9926496139
  13.1777160634        0.9926496139
  13.1817132105        0.9926496139
  13.1845412009        0.9926496139
  13.2063527111        0.9926496139
  13.2250333132        0.9926496139
  13.2518000256        0.9926496139
  13.2642890723        0.9926496139
  13.2762087391        0.9926496139
  13.3006617682        0.9926496139
  13.3482880083        0.9926496139
  13.3506708048        0.9926496139
  13.3540851189        0.9926496139
  13.3628900082        0.9926496139
  13.3657595127        0.9926496139
  13.3885681986        0.9926496139
  13.4564697612        0.9926496139
  13.4657060335        0.9926496139
  13.4783091984        0.9926496139
  13.5060527188        0.9926496139
  13.5147058242        0.9926496139
  13.5179041454        0.9926496139
  13.5299858529        0.9926496139
  13.5764775666        0.9926496139
  13.5975462755        0.9926496139
  13.6348069147        0.9926496139
  13.6439769072        0.9926496139
  13.6615699736        0.9942187691
  13.6670664688        0.9942187691
  13.6703843419        0.9942187691
  13.6921937622        0.9942187691
  13.7041544516        0.9942187691
  13.7157877085        0.9942187691
  13.7357369704        0.9942187691
  13.7421433281        0.9942187691
  13.7654214930        0.9942187691
  13.7797515221        0.9942187691
  13.7824929143        0.9942187691
  13.8041333076        0.9942187691
  13.8096816949        0.9942187691
  13.8153706391        0.9942187691
  13.8255406490        0.9942187691
  13.8782796054        0.9942187691
  13.8822231339        0.9942187691
  13.8877356375        0.9942187691
  13.8990064917        0.9942187691
  13.9153186916        0.9942187691
  13.9301232025        0.9942187691
  13.9909840944        0.9942187691
  14.0741695348        0.9942187691
  14.0784804097        0.9942187691
  14.0989711142        0.9942187691
  14.1045273597        0.9942187691
  14.1048676172        0.9942187691
  14.1233644735        0.9942187691
  14.1344835922        0.9942187691
  14.1353577509        0.9942187691
  14.1637412872        0.9942187691
  14.1861841127        0.9942187691
  14.2132004174        0.9942187691
  14.2312965915        0.9942187691
  14.2895784538        0.9942187691
  15.2895784538        1.0000000000
